>TCATACACAT	1-TCATACACAT	10.778294	-200.501471	0	T:61.0(2.11%),B:14.4(0.03%),P:1e-87	Tpos:35.0,Tstd:16.2,Bpos:29.5,Bstd:14.1,StrandBias:-1.1,Multiplicity:1.00
0.001	0.001	0.001	0.997
0.001	0.951	0.047	0.001
0.997	0.001	0.001	0.001
0.001	0.001	0.001	0.997
0.997	0.001	0.001	0.001
0.001	0.997	0.001	0.001
0.997	0.001	0.001	0.001
0.001	0.997	0.001	0.001
0.997	0.001	0.001	0.001
0.001	0.001	0.001	0.997
>AATATGACTT	2-AATATGACTT	10.296193	-194.773984	0	T:54.0(1.87%),B:10.0(0.02%),P:1e-84	Tpos:34.5,Tstd:14.3,Bpos:35.6,Bstd:10.1,StrandBias:1.1,Multiplicity:1.00
0.700	0.100	0.100	0.100
0.700	0.100	0.100	0.100
0.100	0.100	0.100	0.700
0.700	0.100	0.100	0.100
0.100	0.100	0.100	0.700
0.100	0.100	0.700	0.100
0.700	0.100	0.100	0.100
0.100	0.700	0.100	0.100
0.100	0.100	0.100	0.700
0.100	0.100	0.100	0.700
>TCCCATCAGA	3-TCCCATCAGA	10.296193	-169.807041	0	T:36.0(1.25%),B:2.6(0.01%),P:1e-73	Tpos:31.0,Tstd:12.6,Bpos:28.8,Bstd:5.0,StrandBias:-0.2,Multiplicity:1.00
0.100	0.100	0.100	0.700
0.100	0.700	0.100	0.100
0.100	0.700	0.100	0.100
0.100	0.700	0.100	0.100
0.700	0.100	0.100	0.100
0.100	0.100	0.100	0.700
0.100	0.700	0.100	0.100
0.700	0.100	0.100	0.100
0.100	0.100	0.700	0.100
0.700	0.100	0.100	0.100
>CACGTGAWBH	4-CACGTGAWBH	7.024997	-127.997678	0	T:270.0(9.34%),B:1380.8(3.08%),P:1e-55	Tpos:33.4,Tstd:17.1,Bpos:31.6,Bstd:21.3,StrandBias:0.1,Multiplicity:1.43
0.001	0.997	0.001	0.001
0.997	0.001	0.001	0.001
0.001	0.781	0.001	0.217
0.321	0.001	0.630	0.048
0.001	0.001	0.001	0.997
0.008	0.001	0.990	0.001
0.399	0.223	0.208	0.171
0.286	0.183	0.188	0.343
0.178	0.336	0.206	0.279
0.287	0.245	0.124	0.344
>CCATAAATGG	5-CCATAAATGG	8.961397	-117.362952	0	T:58.0(2.01%),B:49.7(0.11%),P:1e-50	Tpos:35.6,Tstd:15.0,Bpos:41.7,Bstd:15.7,StrandBias:-0.2,Multiplicity:1.00
0.069	0.840	0.077	0.014
0.052	0.889	0.001	0.058
0.594	0.085	0.158	0.163
0.255	0.063	0.151	0.531
0.915	0.028	0.028	0.029
0.849	0.056	0.056	0.039
0.647	0.035	0.150	0.168
0.084	0.091	0.043	0.782
0.344	0.001	0.654	0.001
0.051	0.056	0.821	0.072
>TTRCGGTYTA	6-TTRCGGTYTA	11.162025	-110.877046	0	T:60.0(2.08%),B:61.3(0.14%),P:1e-48	Tpos:40.3,Tstd:16.1,Bpos:25.5,Bstd:16.8,StrandBias:0.8,Multiplicity:1.00
0.001	0.001	0.001	0.997
0.001	0.410	0.001	0.588
0.439	0.031	0.529	0.001
0.001	0.927	0.071	0.001
0.001	0.001	0.997	0.001
0.027	0.054	0.918	0.001
0.001	0.001	0.001	0.997
0.001	0.445	0.001	0.553
0.001	0.001	0.001	0.997
0.997	0.001	0.001	0.001
>TAATGCACCG	7-TAATGCACCG	10.186243	-99.366937	0	T:25.0(0.86%),B:3.8(0.01%),P:1e-43	Tpos:30.7,Tstd:11.8,Bpos:38.0,Bstd:13.5,StrandBias:-0.1,Multiplicity:1.00
0.001	0.001	0.001	0.997
0.997	0.001	0.001	0.001
0.997	0.001	0.001	0.001
0.001	0.001	0.001	0.997
0.001	0.001	0.997	0.001
0.001	0.997	0.001	0.001
0.972	0.026	0.001	0.001
0.001	0.997	0.001	0.001
0.001	0.997	0.001	0.001
0.001	0.001	0.997	0.001
>TATCACATGC	8-TATCACATGC	10.185172	-83.406978	0	T:45.0(1.56%),B:46.5(0.10%),P:1e-36	Tpos:35.0,Tstd:10.8,Bpos:37.7,Bstd:6.6,StrandBias:1.3,Multiplicity:1.00
0.001	0.001	0.001	0.997
0.997	0.001	0.001	0.001
0.109	0.001	0.001	0.889
0.001	0.997	0.001	0.001
0.968	0.001	0.001	0.030
0.001	0.997	0.001	0.001
0.997	0.001	0.001	0.001
0.001	0.001	0.030	0.968
0.001	0.001	0.997	0.001
0.001	0.997	0.001	0.001
>CTTAGGCTTT	9-CTTAGGCTTT	10.296193	-82.359390	0	T:24.0(0.83%),B:6.0(0.01%),P:1e-35	Tpos:38.5,Tstd:15.1,Bpos:33.0,Bstd:12.7,StrandBias:-1.0,Multiplicity:1.00
0.100	0.700	0.100	0.100
0.100	0.100	0.100	0.700
0.100	0.100	0.100	0.700
0.700	0.100	0.100	0.100
0.100	0.100	0.700	0.100
0.100	0.100	0.700	0.100
0.100	0.700	0.100	0.100
0.100	0.100	0.100	0.700
0.100	0.100	0.100	0.700
0.100	0.100	0.100	0.700
>TGGTCGAGTG	10-TGGTCGAGTG	8.982947	-76.846521	0	T:71.0(2.46%),B:168.8(0.38%),P:1e-33	Tpos:36.2,Tstd:15.2,Bpos:32.8,Bstd:16.5,StrandBias:-0.3,Multiplicity:1.30
0.093	0.054	0.126	0.727
0.019	0.025	0.910	0.046
0.068	0.021	0.867	0.044
0.043	0.055	0.214	0.688
0.096	0.787	0.045	0.072
0.059	0.064	0.861	0.016
0.859	0.059	0.057	0.025
0.066	0.027	0.881	0.026
0.233	0.050	0.044	0.673
0.186	0.039	0.751	0.024
>BTATACKMRC	11-BTATACKMRC	5.782479	-74.625071	0	T:86.0(2.97%),B:262.7(0.59%),P:1e-32	Tpos:31.3,Tstd:15.2,Bpos:32.0,Bstd:18.1,StrandBias:-0.3,Multiplicity:1.36
0.153	0.231	0.356	0.261
0.072	0.211	0.138	0.579
0.744	0.133	0.078	0.045
0.002	0.279	0.071	0.648
0.461	0.140	0.222	0.177
0.304	0.456	0.020	0.221
0.090	0.104	0.399	0.408
0.430	0.478	0.083	0.009
0.419	0.126	0.288	0.167
0.312	0.469	0.087	0.132
>CGCACTTAAG	12-CGCACTTAAG	10.435136	-74.160325	0	T:51.0(1.76%),B:80.2(0.18%),P:1e-32	Tpos:34.1,Tstd:16.8,Bpos:19.0,Bstd:5.9,StrandBias:-0.8,Multiplicity:1.00
0.001	0.611	0.001	0.387
0.001	0.200	0.798	0.001
0.001	0.985	0.001	0.013
0.997	0.001	0.001	0.001
0.001	0.644	0.354	0.001
0.029	0.001	0.200	0.770
0.200	0.001	0.001	0.798
0.874	0.001	0.124	0.001
0.798	0.001	0.001	0.200
0.001	0.001	0.980	0.018
>GTGGGGCCCA	13-GTGGGGCCCA	6.486324	-73.262705	0	T:133.0(4.60%),B:608.2(1.36%),P:1e-31	Tpos:28.9,Tstd:16.1,Bpos:31.2,Bstd:22.0,StrandBias:0.0,Multiplicity:1.02
0.180	0.012	0.682	0.126
0.027	0.058	0.057	0.858
0.028	0.001	0.757	0.214
0.043	0.069	0.830	0.058
0.072	0.058	0.836	0.034
0.117	0.153	0.604	0.126
0.036	0.755	0.110	0.099
0.035	0.901	0.001	0.063
0.068	0.742	0.089	0.101
0.758	0.063	0.102	0.077
>TMCDAMTAGG	14-TMCDAMTAGG	7.335910	-69.660928	0	T:85.0(2.94%),B:275.8(0.62%),P:1e-30	Tpos:29.9,Tstd:13.0,Bpos:38.5,Bstd:15.1,StrandBias:-0.1,Multiplicity:1.00
0.001	0.320	0.001	0.678
0.526	0.379	0.094	0.001
0.150	0.524	0.325	0.001
0.297	0.001	0.416	0.287
0.997	0.001	0.001	0.001
0.552	0.446	0.001	0.001
0.297	0.152	0.001	0.550
0.543	0.273	0.183	0.001
0.070	0.120	0.586	0.224
0.294	0.001	0.580	0.125
>ATCATACCAG	15-ATCATACCAG	10.689673	-64.827760	0	T:27.0(0.93%),B:16.3(0.04%),P:1e-28	Tpos:31.9,Tstd:22.2,Bpos:42.1,Bstd:7.2,StrandBias:-1.0,Multiplicity:1.00
0.997	0.001	0.001	0.001
0.001	0.045	0.001	0.953
0.001	0.997	0.001	0.001
0.997	0.001	0.001	0.001
0.001	0.001	0.001	0.997
0.953	0.045	0.001	0.001
0.001	0.997	0.001	0.001
0.001	0.997	0.001	0.001
0.997	0.001	0.001	0.001
0.001	0.001	0.997	0.001
>CTTCTTGCTT	16-CTTCTTGCTT	10.527915	-62.137626	0	T:28.0(0.97%),B:20.4(0.05%),P:1e-26	Tpos:28.0,Tstd:15.8,Bpos:25.4,Bstd:11.3,StrandBias:-1.9,Multiplicity:1.00
0.001	0.997	0.001	0.001
0.001	0.001	0.001	0.997
0.001	0.001	0.001	0.997
0.038	0.960	0.001	0.001
0.001	0.038	0.001	0.960
0.001	0.001	0.001	0.997
0.001	0.001	0.997	0.001
0.001	0.997	0.001	0.001
0.001	0.001	0.001	0.997
0.001	0.001	0.001	0.997
>AAGTTTGGCC	17-AAGTTTGGCC	10.274281	-56.761066	0	T:40.0(1.38%),B:66.5(0.15%),P:1e-24	Tpos:37.9,Tstd:9.9,Bpos:27.7,Bstd:13.1,StrandBias:2.0,Multiplicity:1.00
0.997	0.001	0.001	0.001
0.997	0.001	0.001	0.001
0.001	0.001	0.997	0.001
0.001	0.001	0.001	0.997
0.001	0.001	0.032	0.966
0.043	0.043	0.001	0.913
0.032	0.001	0.966	0.001
0.001	0.001	0.997	0.001
0.001	0.997	0.001	0.001
0.001	0.997	0.001	0.001
>WTTSYATTGN	18-WTTSYATTGN	8.603868	-43.545941	0	T:19.0(0.66%),B:13.5(0.03%),P:1e-18	Tpos:28.0,Tstd:4.6,Bpos:19.0,Bstd:7.2,StrandBias:-4.2,Multiplicity:1.00
0.559	0.001	0.001	0.439
0.414	0.001	0.001	0.584
0.283	0.194	0.001	0.522
0.001	0.300	0.432	0.267
0.151	0.462	0.001	0.386
0.997	0.001	0.001	0.001
0.232	0.226	0.049	0.493
0.001	0.001	0.001	0.997
0.001	0.001	0.960	0.038
0.181	0.325	0.267	0.227
>TTACTCGACC	19-TTACTCGACC	10.296193	-35.770830	0	T:11.0(0.38%),B:3.3(0.01%),P:1e-15	Tpos:31.9,Tstd:18.2,Bpos:21.0,Bstd:3.3,StrandBias:0.5,Multiplicity:1.09
0.100	0.100	0.100	0.700
0.100	0.100	0.100	0.700
0.700	0.100	0.100	0.100
0.100	0.700	0.100	0.100
0.100	0.100	0.100	0.700
0.100	0.700	0.100	0.100
0.100	0.100	0.700	0.100
0.700	0.100	0.100	0.100
0.100	0.700	0.100	0.100
0.100	0.700	0.100	0.100
>TCTCTCTTTC	20-TCTCTCTTTC	7.280791	-34.857394	0	T:236.0(8.16%),B:2107.1(4.70%),P:1e-15	Tpos:31.7,Tstd:16.6,Bpos:32.7,Bstd:16.0,StrandBias:-0.7,Multiplicity:1.07
0.200	0.036	0.218	0.546
0.001	0.783	0.108	0.108
0.001	0.083	0.001	0.915
0.001	0.846	0.152	0.001
0.016	0.001	0.001	0.982
0.063	0.844	0.001	0.092
0.061	0.001	0.001	0.937
0.211	0.239	0.110	0.440
0.112	0.169	0.001	0.718
0.164	0.499	0.262	0.076
>AAAGCTTTGA	21-AAAGCTTTGA	13.709204	-33.022392	0	T:17.0(0.59%),B:17.7(0.04%),P:1e-14	Tpos:30.2,Tstd:18.1,Bpos:25.6,Bstd:9.7,StrandBias:0.2,Multiplicity:1.00
0.997	0.001	0.001	0.001
0.997	0.001	0.001	0.001
0.997	0.001	0.001	0.001
0.001	0.001	0.997	0.001
0.001	0.997	0.001	0.001
0.001	0.001	0.001	0.997
0.001	0.001	0.001	0.997
0.001	0.001	0.001	0.997
0.001	0.117	0.881	0.001
0.997	0.001	0.001	0.001
>GGWCTKTGGC	22-GGWCTKTGGC	7.910324	-31.181685	0	T:16.0(0.55%),B:16.6(0.04%),P:1e-13	Tpos:37.5,Tstd:15.3,Bpos:33.7,Bstd:18.7,StrandBias:0.1,Multiplicity:1.31
0.233	0.137	0.408	0.222
0.001	0.001	0.664	0.334
0.371	0.036	0.199	0.394
0.214	0.482	0.272	0.032
0.018	0.097	0.090	0.795
0.186	0.130	0.322	0.362
0.212	0.001	0.018	0.769
0.036	0.095	0.682	0.187
0.223	0.001	0.740	0.036
0.206	0.792	0.001	0.001
>TTWTTTCCTT	23-TTWTTTCCTT	9.251839	-24.674244	0	T:67.0(2.32%),B:409.4(0.91%),P:1e-10	Tpos:33.8,Tstd:20.0,Bpos:32.7,Bstd:20.6,StrandBias:0.0,Multiplicity:1.00
0.001	0.088	0.001	0.910
0.035	0.001	0.001	0.963
0.458	0.001	0.167	0.374
0.143	0.227	0.001	0.629
0.279	0.056	0.132	0.533
0.293	0.001	0.001	0.705
0.001	0.997	0.001	0.001
0.001	0.997	0.001	0.001
0.001	0.068	0.377	0.554
0.001	0.001	0.001	0.997
>CCCTAAACCC	24-CCCTAAACCC	10.393883	-8.840301	0	T:7.0(0.24%),B:17.3(0.04%),P:1e-3	Tpos:31.8,Tstd:15.3,Bpos:30.0,Bstd:22.7,StrandBias:1.5,Multiplicity:5.57
0.001	0.997	0.001	0.001
0.001	0.997	0.001	0.001
0.001	0.997	0.001	0.001
0.001	0.001	0.001	0.997
0.997	0.001	0.001	0.001
0.997	0.001	0.001	0.001
0.997	0.001	0.001	0.001
0.001	0.966	0.032	0.001
0.001	0.997	0.001	0.001
0.001	0.997	0.001	0.001
>TTTTTTTTTT	25-TTTTTTTTTT	4.458463	-3.973356	0	T:1532.0(52.99%),B:22891.0(51.04%),P:1e-1	Tpos:32.2,Tstd:16.6,Bpos:32.1,Bstd:20.2,StrandBias:-0.0,Multiplicity:1.44
0.100	0.100	0.100	0.700
0.100	0.100	0.100	0.700
0.100	0.100	0.100	0.700
0.100	0.100	0.100	0.700
0.100	0.100	0.100	0.700
0.100	0.100	0.100	0.700
0.100	0.100	0.100	0.700
0.100	0.100	0.100	0.700
0.100	0.100	0.100	0.700
0.100	0.100	0.100	0.700
