>AGAGAGAGAGAR	23-AGAGAGAGAGAR	8.421757	-32.079735	0	T:165.0(5.71%),B:1339.4(2.99%),P:1e-13
0.839	0.010	0.095	0.056
0.111	0.089	0.665	0.135
0.946	0.010	0.025	0.019
0.126	0.121	0.689	0.064
0.942	0.001	0.038	0.019
0.111	0.087	0.801	0.001
0.953	0.010	0.010	0.027
0.252	0.024	0.649	0.075
0.878	0.010	0.096	0.016
0.333	0.061	0.577	0.029
0.738	0.062	0.141	0.059
0.473	0.085	0.328	0.115
