>TKCCATTTTTGG	4-CCAAAAATGGMA	6.919231	-245.251951	0	T:432.0(14.94%),B:1968.3(4.39%),P:1e-106
0.243	0.001	0.126	0.630
0.153	0.180	0.279	0.388
0.027	0.892	0.063	0.018
0.009	0.675	0.001	0.315
0.540	0.108	0.027	0.325
0.144	0.117	0.018	0.721
0.180	0.009	0.054	0.757
0.018	0.009	0.001	0.972
0.207	0.099	0.045	0.649
0.189	0.099	0.117	0.595
0.342	0.009	0.640	0.009
0.018	0.144	0.595	0.243
