>CCAAAAATGGMA	4-CCAAAAATGGMA,BestGuess:TAGL1(MADS)/Tomato-TAGL1-ChIP-Seq(GSE116581)/Homer(0.935)	6.919231	-245.251951	0	T:432.0(14.94%),B:1968.3(4.39%),P:1e-106
0.243	0.595	0.144	0.018
0.009	0.640	0.009	0.342
0.595	0.117	0.099	0.189
0.649	0.045	0.099	0.207
0.972	0.001	0.009	0.018
0.757	0.054	0.009	0.180
0.721	0.018	0.117	0.144
0.325	0.027	0.108	0.540
0.315	0.001	0.675	0.009
0.018	0.063	0.892	0.027
0.388	0.279	0.180	0.153
0.630	0.126	0.001	0.243
