>AGTCATAT	1-AGTCATAT	8.236954	-123.904647	0	T:70.0(2.42%),B:77.5(0.17%),P:1e-53	Tpos:33.3,Tstd:15.6,Bpos:30.0,Bstd:18.8,StrandBias:-0.9,Multiplicity:1.00
0.700	0.100	0.100	0.100
0.100	0.100	0.700	0.100
0.100	0.100	0.100	0.700
0.100	0.700	0.100	0.100
0.700	0.100	0.100	0.100
0.100	0.100	0.100	0.700
0.700	0.100	0.100	0.100
0.100	0.100	0.100	0.700
>TCATACAC	2-TCATACAC	8.236954	-104.394733	0	T:64.0(2.21%),B:82.8(0.18%),P:1e-45	Tpos:35.3,Tstd:17.2,Bpos:36.2,Bstd:16.8,StrandBias:-1.1,Multiplicity:1.00
0.100	0.100	0.100	0.700
0.100	0.700	0.100	0.100
0.700	0.100	0.100	0.100
0.100	0.100	0.100	0.700
0.700	0.100	0.100	0.100
0.100	0.700	0.100	0.100
0.700	0.100	0.100	0.100
0.100	0.700	0.100	0.100
>TCRCRTSC	3-TCRCRTSC	8.284570	-94.704667	0	T:95.0(3.29%),B:247.1(0.55%),P:1e-41	Tpos:30.3,Tstd:14.9,Bpos:30.4,Bstd:20.4,StrandBias:1.2,Multiplicity:1.00
0.001	0.289	0.069	0.641
0.001	0.997	0.001	0.001
0.493	0.001	0.505	0.001
0.001	0.997	0.001	0.001
0.529	0.001	0.469	0.001
0.001	0.001	0.001	0.997
0.001	0.435	0.563	0.001
0.179	0.819	0.001	0.001
>ACACTAAC	4-ACACTAAC	9.297365	-91.114808	0	T:75.0(2.59%),B:152.8(0.34%),P:1e-39	Tpos:25.9,Tstd:16.2,Bpos:31.9,Bstd:20.0,StrandBias:-2.0,Multiplicity:1.00
0.997	0.001	0.001	0.001
0.001	0.828	0.001	0.170
0.997	0.001	0.001	0.001
0.001	0.997	0.001	0.001
0.001	0.001	0.001	0.997
0.997	0.001	0.001	0.001
0.997	0.001	0.001	0.001
0.001	0.997	0.001	0.001
>TTGGGSCC	5-TTGGGSCC	3.942572	-81.169238	0	T:768.0(26.57%),B:7739.9(17.26%),P:1e-35	Tpos:31.6,Tstd:16.9,Bpos:31.9,Bstd:21.7,StrandBias:0.2,Multiplicity:1.19
0.202	0.067	0.254	0.476
0.078	0.064	0.256	0.602
0.074	0.127	0.500	0.299
0.192	0.011	0.728	0.069
0.158	0.124	0.648	0.070
0.158	0.377	0.317	0.148
0.045	0.651	0.035	0.269
0.105	0.686	0.035	0.174
>GCCACGTG	6-GCCACGTG	6.057018	-77.265808	0	T:213.0(7.37%),B:1284.3(2.86%),P:1e-33	Tpos:32.5,Tstd:17.5,Bpos:31.6,Bstd:23.1,StrandBias:0.0,Multiplicity:1.05
0.245	0.065	0.545	0.145
0.126	0.785	0.001	0.088
0.050	0.948	0.001	0.001
0.988	0.010	0.001	0.001
0.001	0.927	0.020	0.052
0.001	0.001	0.997	0.001
0.001	0.001	0.001	0.997
0.051	0.001	0.922	0.026
>TGAGTATA	7-TGAGTATA	8.236954	-75.327345	0	T:51.0(1.76%),B:78.5(0.18%),P:1e-32	Tpos:35.6,Tstd:16.4,Bpos:35.6,Bstd:17.8,StrandBias:1.3,Multiplicity:1.00
0.100	0.100	0.100	0.700
0.100	0.100	0.700	0.100
0.700	0.100	0.100	0.100
0.100	0.100	0.700	0.100
0.100	0.100	0.100	0.700
0.700	0.100	0.100	0.100
0.100	0.100	0.100	0.700
0.700	0.100	0.100	0.100
>CWTTTAAG	8-CWTTTAAG	8.342109	-75.007368	0	T:136.0(4.70%),B:621.1(1.38%),P:1e-32	Tpos:34.6,Tstd:17.1,Bpos:31.2,Bstd:19.2,StrandBias:-0.5,Multiplicity:1.01
0.001	0.997	0.001	0.001
0.506	0.001	0.001	0.492
0.001	0.001	0.316	0.682
0.001	0.097	0.058	0.844
0.001	0.001	0.001	0.997
0.902	0.096	0.001	0.001
0.614	0.001	0.058	0.327
0.001	0.136	0.862	0.001
>AAAAARGG	9-AAAAARGG	5.940578	-74.994344	0	T:553.0(19.13%),B:5133.5(11.45%),P:1e-32	Tpos:32.3,Tstd:17.5,Bpos:32.2,Bstd:20.7,StrandBias:0.2,Multiplicity:1.06
0.711	0.012	0.042	0.235
0.921	0.004	0.013	0.062
0.693	0.001	0.052	0.254
0.659	0.006	0.084	0.251
0.536	0.066	0.090	0.308
0.351	0.012	0.491	0.146
0.038	0.011	0.931	0.020
0.266	0.003	0.699	0.032
>ATGCAATC	10-ATGCAATC	8.019644	-61.560744	0	T:110.0(3.80%),B:498.2(1.11%),P:1e-26	Tpos:33.4,Tstd:14.8,Bpos:32.1,Bstd:16.9,StrandBias:0.3,Multiplicity:1.19
0.997	0.001	0.001	0.001
0.001	0.001	0.042	0.956
0.001	0.001	0.997	0.001
0.295	0.703	0.001	0.001
0.447	0.295	0.257	0.001
0.766	0.001	0.232	0.001
0.001	0.001	0.042	0.956
0.001	0.766	0.232	0.001
>CCAGCACT	11-CCAGCACT	8.236954	-57.827907	0	T:30.0(1.04%),B:29.9(0.07%),P:1e-25	Tpos:32.3,Tstd:20.5,Bpos:36.3,Bstd:21.6,StrandBias:-0.4,Multiplicity:1.00
0.100	0.700	0.100	0.100
0.100	0.700	0.100	0.100
0.700	0.100	0.100	0.100
0.100	0.100	0.700	0.100
0.100	0.700	0.100	0.100
0.700	0.100	0.100	0.100
0.100	0.700	0.100	0.100
0.100	0.100	0.100	0.700
>CCTAAGTA	12-CCTAAGTA	8.236954	-56.025478	0	T:31.0(1.07%),B:34.9(0.08%),P:1e-24	Tpos:39.5,Tstd:16.4,Bpos:35.7,Bstd:17.6,StrandBias:0.7,Multiplicity:1.00
0.100	0.700	0.100	0.100
0.100	0.700	0.100	0.100
0.100	0.100	0.100	0.700
0.700	0.100	0.100	0.100
0.700	0.100	0.100	0.100
0.100	0.100	0.700	0.100
0.100	0.100	0.100	0.700
0.700	0.100	0.100	0.100
>TCRCSCDW	13-TCRCSCDW	5.191906	-45.164780	0	T:58.0(2.01%),B:200.5(0.45%),P:1e-19	Tpos:36.4,Tstd:17.3,Bpos:29.8,Bstd:15.2,StrandBias:1.0,Multiplicity:1.00
0.105	0.114	0.259	0.522
0.134	0.568	0.253	0.045
0.424	0.012	0.563	0.001
0.136	0.549	0.206	0.109
0.009	0.410	0.369	0.212
0.001	0.583	0.001	0.415
0.362	0.001	0.358	0.279
0.346	0.130	0.117	0.406
>CCGAAAAG	14-CCGAAAAG	7.585650	-43.836547	0	T:63.0(2.18%),B:241.8(0.54%),P:1e-19	Tpos:28.4,Tstd:14.6,Bpos:34.6,Bstd:18.5,StrandBias:0.7,Multiplicity:1.02
0.001	0.997	0.001	0.001
0.001	0.997	0.001	0.001
0.001	0.001	0.997	0.001
0.997	0.001	0.001	0.001
0.909	0.089	0.001	0.001
0.959	0.001	0.001	0.039
0.963	0.001	0.035	0.001
0.001	0.001	0.997	0.001
>CTTCTWRC	15-CTTCTWRC	8.495843	-42.138375	0	T:72.0(2.49%),B:318.3(0.71%),P:1e-18	Tpos:29.2,Tstd:18.0,Bpos:31.5,Bstd:17.0,StrandBias:-0.6,Multiplicity:1.00
0.001	0.912	0.086	0.001
0.122	0.001	0.001	0.876
0.001	0.001	0.206	0.792
0.001	0.880	0.001	0.118
0.001	0.001	0.121	0.877
0.349	0.208	0.001	0.442
0.554	0.001	0.442	0.003
0.207	0.791	0.001	0.001
>CTCTCTCT	16-CTCTCTCT	7.213339	-40.124717	0	T:210.0(7.26%),B:1712.7(3.82%),P:1e-17	Tpos:32.1,Tstd:16.3,Bpos:32.4,Bstd:17.1,StrandBias:-0.5,Multiplicity:1.09
0.001	0.905	0.001	0.093
0.001	0.032	0.001	0.966
0.001	0.997	0.001	0.001
0.001	0.001	0.001	0.997
0.001	0.925	0.073	0.001
0.001	0.001	0.001	0.997
0.052	0.823	0.001	0.124
0.050	0.001	0.001	0.948
>KAGTASTA	17-KAGTASTA	7.454820	-38.090228	0	T:93.0(3.22%),B:527.0(1.18%),P:1e-16	Tpos:34.9,Tstd:15.6,Bpos:34.2,Bstd:17.3,StrandBias:-0.1,Multiplicity:1.01
0.093	0.034	0.504	0.369
0.699	0.001	0.028	0.272
0.092	0.001	0.906	0.001
0.155	0.033	0.001	0.811
0.965	0.001	0.033	0.001
0.028	0.526	0.445	0.001
0.001	0.155	0.114	0.730
0.965	0.033	0.001	0.001
>CAGAACTC	18-CAGAACTC	8.236954	-36.745264	0	T:38.0(1.31%),B:106.5(0.24%),P:1e-15	Tpos:30.5,Tstd:13.6,Bpos:19.4,Bstd:13.8,StrandBias:0.2,Multiplicity:1.03
0.100	0.700	0.100	0.100
0.700	0.100	0.100	0.100
0.100	0.100	0.700	0.100
0.700	0.100	0.100	0.100
0.700	0.100	0.100	0.100
0.100	0.700	0.100	0.100
0.100	0.100	0.100	0.700
0.100	0.700	0.100	0.100
>GGTCGAGT	19-GGTCGAGT	8.236954	-34.515276	0	T:32.0(1.11%),B:79.6(0.18%),P:1e-14	Tpos:32.3,Tstd:17.5,Bpos:31.2,Bstd:21.5,StrandBias:0.2,Multiplicity:1.83
0.100	0.100	0.700	0.100
0.100	0.100	0.700	0.100
0.100	0.100	0.100	0.700
0.100	0.700	0.100	0.100
0.100	0.100	0.700	0.100
0.700	0.100	0.100	0.100
0.100	0.100	0.700	0.100
0.100	0.100	0.100	0.700
>GGTCGAAA	20-GGTCGAAA	5.646176	-34.127786	0	T:60.0(2.08%),B:273.1(0.61%),P:1e-14	Tpos:41.4,Tstd:17.1,Bpos:28.5,Bstd:20.9,StrandBias:1.2,Multiplicity:1.00
0.001	0.001	0.997	0.001
0.001	0.001	0.997	0.001
0.001	0.001	0.001	0.997
0.001	0.997	0.001	0.001
0.001	0.001	0.723	0.275
0.997	0.001	0.001	0.001
0.982	0.016	0.001	0.001
0.997	0.001	0.001	0.001
>AATGCACC	21-AATGCACC	8.825006	-31.957727	0	T:36.0(1.25%),B:111.0(0.25%),P:1e-13	Tpos:31.6,Tstd:13.6,Bpos:32.1,Bstd:17.7,StrandBias:-0.3,Multiplicity:1.00
0.997	0.001	0.001	0.001
0.892	0.106	0.001	0.001
0.001	0.001	0.001	0.997
0.001	0.001	0.997	0.001
0.001	0.997	0.001	0.001
0.997	0.001	0.001	0.001
0.001	0.997	0.001	0.001
0.001	0.997	0.001	0.001
>CATACGGA	22-CATACGGA	8.236954	-21.500027	0	T:16.0(0.55%),B:31.3(0.07%),P:1e-9	Tpos:30.2,Tstd:18.5,Bpos:34.1,Bstd:19.0,StrandBias:1.1,Multiplicity:1.00
0.100	0.700	0.100	0.100
0.700	0.100	0.100	0.100
0.100	0.100	0.100	0.700
0.700	0.100	0.100	0.100
0.100	0.700	0.100	0.100
0.100	0.100	0.700	0.100
0.100	0.100	0.700	0.100
0.700	0.100	0.100	0.100
>GGTTTAGG	23-GGTTTAGG	9.729912	-20.015220	0	T:49.0(1.69%),B:286.0(0.64%),P:1e-8	Tpos:32.4,Tstd:15.0,Bpos:31.1,Bstd:20.6,StrandBias:-1.1,Multiplicity:1.67
0.001	0.001	0.997	0.001
0.001	0.001	0.997	0.001
0.001	0.001	0.001	0.997
0.001	0.001	0.001	0.997
0.001	0.001	0.001	0.997
0.997	0.001	0.001	0.001
0.262	0.001	0.736	0.001
0.001	0.001	0.997	0.001
>CTTTGGCT	24-CTTTGGCT	8.236954	-8.051715	0	T:26.0(0.90%),B:187.8(0.42%),P:1e-3	Tpos:34.3,Tstd:16.5,Bpos:33.1,Bstd:17.8,StrandBias:-0.1,Multiplicity:1.21
0.100	0.700	0.100	0.100
0.100	0.100	0.100	0.700
0.100	0.100	0.100	0.700
0.100	0.100	0.100	0.700
0.100	0.100	0.700	0.100
0.100	0.100	0.700	0.100
0.100	0.700	0.100	0.100
0.100	0.100	0.100	0.700
>TTTTTTTT	25-TTTTTTTT	6.291044	-1.238154	0	T:611.0(21.13%),B:9284.2(20.70%),P:1e0	Tpos:32.0,Tstd:16.4,Bpos:32.2,Bstd:22.8,StrandBias:-0.1,Multiplicity:1.16
0.100	0.100	0.100	0.700
0.100	0.100	0.100	0.700
0.100	0.100	0.100	0.700
0.100	0.100	0.100	0.700
0.100	0.100	0.100	0.700
0.100	0.100	0.100	0.700
0.100	0.100	0.100	0.700
0.100	0.100	0.100	0.700
