>AATATGACTTGA	1-AATATGACTTGA	11.744649	-306.113181	0	T:59.0(2.04%),B:2.4(0.01%),P:1e-132	Tpos:35.4,Tstd:14.4,Bpos:34.7,Bstd:5.2,StrandBias:1.3,Multiplicity:1.00
0.997	0.001	0.001	0.001
0.997	0.001	0.001	0.001
0.001	0.001	0.001	0.997
0.997	0.001	0.001	0.001
0.001	0.001	0.001	0.997
0.001	0.001	0.997	0.001
0.997	0.001	0.001	0.001
0.001	0.997	0.001	0.001
0.008	0.001	0.001	0.990
0.030	0.001	0.001	0.968
0.001	0.001	0.997	0.001
0.997	0.001	0.001	0.001
>TCATACACATGA	2-TCATACACATGA	11.798356	-293.838111	0	T:57.0(1.97%),B:2.9(0.01%),P:1e-127	Tpos:34.9,Tstd:15.1,Bpos:36.4,Bstd:14.2,StrandBias:-1.0,Multiplicity:1.00
0.001	0.001	0.001	0.997
0.001	0.977	0.021	0.001
0.997	0.001	0.001	0.001
0.001	0.001	0.001	0.997
0.997	0.001	0.001	0.001
0.001	0.997	0.001	0.001
0.997	0.001	0.001	0.001
0.001	0.989	0.001	0.009
0.997	0.001	0.001	0.001
0.001	0.001	0.001	0.997
0.001	0.064	0.934	0.001
0.981	0.001	0.009	0.009
>TAGTGTTTTGGA	3-TAGTGTTTTGGA	16.573202	-279.375796	0	T:49.0(1.69%),B:1.7(0.00%),P:1e-121	Tpos:30.6,Tstd:16.2,Bpos:32.2,Bstd:9.5,StrandBias:1.3,Multiplicity:1.00
0.001	0.001	0.001	0.997
0.997	0.001	0.001	0.001
0.001	0.001	0.997	0.001
0.001	0.001	0.001	0.997
0.001	0.001	0.997	0.001
0.001	0.001	0.001	0.997
0.001	0.001	0.001	0.997
0.001	0.001	0.001	0.997
0.001	0.001	0.001	0.997
0.010	0.001	0.979	0.010
0.009	0.001	0.989	0.001
0.997	0.001	0.001	0.001
>CCAAAAATGGMA	4-CCAAAAATGGMA	6.919231	-245.251951	0	T:432.0(14.94%),B:1968.3(4.39%),P:1e-106	Tpos:33.1,Tstd:14.9,Bpos:32.3,Bstd:19.1,StrandBias:-0.0,Multiplicity:1.07
0.243	0.595	0.144	0.018
0.009	0.640	0.009	0.342
0.595	0.117	0.099	0.189
0.649	0.045	0.099	0.207
0.972	0.001	0.009	0.018
0.757	0.054	0.009	0.180
0.721	0.018	0.117	0.144
0.325	0.027	0.108	0.540
0.315	0.001	0.675	0.009
0.018	0.063	0.892	0.027
0.388	0.279	0.180	0.153
0.630	0.126	0.001	0.243
>ACCCCATCAGAA	5-ACCCCATCAGAA	12.570501	-220.318089	0	T:40.0(1.38%),B:1.5(0.00%),P:1e-95	Tpos:30.4,Tstd:12.6,Bpos:24.3,Bstd:5.5,StrandBias:-0.1,Multiplicity:1.00
0.997	0.001	0.001	0.001
0.001	0.595	0.001	0.403
0.001	0.997	0.001	0.001
0.001	0.700	0.298	0.001
0.001	0.997	0.001	0.001
0.997	0.001	0.001	0.001
0.001	0.001	0.001	0.997
0.001	0.701	0.001	0.297
0.701	0.001	0.297	0.001
0.001	0.001	0.997	0.001
0.997	0.001	0.001	0.001
0.701	0.297	0.001	0.001
>GTTCTTATACTC	6-GTTCTTATACTC	9.658279	-186.903266	0	T:39.0(1.35%),B:2.8(0.01%),P:1e-81	Tpos:33.2,Tstd:14.5,Bpos:41.6,Bstd:12.3,StrandBias:-1.2,Multiplicity:1.00
0.001	0.001	0.997	0.001
0.001	0.001	0.001	0.997
0.001	0.001	0.001	0.997
0.001	0.877	0.061	0.061
0.001	0.016	0.001	0.982
0.001	0.001	0.001	0.997
0.997	0.001	0.001	0.001
0.001	0.001	0.001	0.997
0.982	0.001	0.016	0.001
0.001	0.997	0.001	0.001
0.001	0.001	0.001	0.997
0.001	0.997	0.001	0.001
>AGAAGCAAGAAG	7-AGAAGCAAGAAG	12.876638	-138.764365	0	T:27.0(0.93%),B:1.9(0.00%),P:1e-60	Tpos:31.1,Tstd:15.8,Bpos:33.0,Bstd:5.4,StrandBias:1.5,Multiplicity:1.00
0.997	0.001	0.001	0.001
0.001	0.001	0.997	0.001
0.972	0.001	0.001	0.026
0.997	0.001	0.001	0.001
0.001	0.001	0.997	0.001
0.001	0.997	0.001	0.001
0.997	0.001	0.001	0.001
0.972	0.001	0.026	0.001
0.001	0.001	0.972	0.026
0.972	0.026	0.001	0.001
0.997	0.001	0.001	0.001
0.001	0.001	0.997	0.001
>CTTGTTWGAAKA	8-CTTGTTWGAAKA	12.707315	-133.209795	0	T:39.0(1.35%),B:8.2(0.02%),P:1e-57	Tpos:36.1,Tstd:15.0,Bpos:28.0,Bstd:19.9,StrandBias:1.0,Multiplicity:1.00
0.001	0.842	0.001	0.156
0.156	0.001	0.001	0.842
0.157	0.003	0.001	0.839
0.001	0.157	0.528	0.314
0.001	0.001	0.001	0.997
0.001	0.001	0.001	0.997
0.471	0.001	0.001	0.527
0.001	0.338	0.660	0.001
0.818	0.001	0.001	0.180
0.790	0.185	0.001	0.024
0.157	0.004	0.473	0.366
0.997	0.001	0.001	0.001
>ACTAATGCACCG	9-ACTAATGCACCG	12.830221	-126.709360	0	T:25.0(0.86%),B:1.7(0.00%),P:1e-55	Tpos:31.3,Tstd:13.6,Bpos:51.0,Bstd:5.1,StrandBias:-0.3,Multiplicity:1.00
0.997	0.001	0.001	0.001
0.001	0.997	0.001	0.001
0.001	0.001	0.001	0.997
0.997	0.001	0.001	0.001
0.997	0.001	0.001	0.001
0.001	0.001	0.001	0.997
0.001	0.001	0.997	0.001
0.001	0.975	0.023	0.001
0.997	0.001	0.001	0.001
0.001	0.997	0.001	0.001
0.001	0.997	0.001	0.001
0.001	0.001	0.997	0.001
>TACTTAGGCTTT	10-TACTTAGGCTTT	12.679328	-125.501134	0	T:28.0(0.97%),B:2.6(0.01%),P:1e-54	Tpos:36.6,Tstd:15.3,Bpos:34.7,Bstd:11.9,StrandBias:-0.8,Multiplicity:1.00
0.001	0.001	0.022	0.976
0.997	0.001	0.001	0.001
0.001	0.976	0.001	0.022
0.022	0.001	0.001	0.976
0.001	0.001	0.001	0.997
0.976	0.001	0.022	0.001
0.001	0.001	0.997	0.001
0.001	0.022	0.976	0.001
0.001	0.976	0.001	0.022
0.001	0.001	0.001	0.997
0.001	0.001	0.001	0.997
0.001	0.001	0.001	0.997
>GGTTGCGGTTTA	11-GGTTGCGGTTTA	11.712901	-114.812724	0	T:23.0(0.80%),B:0.5(0.00%),P:1e-49	Tpos:35.3,Tstd:15.0,Bpos:45.0,Bstd:0.0,StrandBias:-0.9,Multiplicity:1.00
0.001	0.001	0.997	0.001
0.242	0.001	0.726	0.031
0.001	0.001	0.001	0.997
0.001	0.001	0.001	0.997
0.001	0.001	0.997	0.001
0.001	0.967	0.031	0.001
0.001	0.001	0.997	0.001
0.001	0.001	0.997	0.001
0.001	0.001	0.001	0.997
0.001	0.001	0.001	0.997
0.001	0.001	0.001	0.997
0.997	0.001	0.001	0.001
>AATATATACGAT	12-AATATATACGAT	12.355432	-91.550580	0	T:19.0(0.66%),B:1.9(0.00%),P:1e-39	Tpos:36.1,Tstd:5.8,Bpos:8.0,Bstd:0.0,StrandBias:-4.2,Multiplicity:1.00
0.700	0.100	0.100	0.100
0.700	0.100	0.100	0.100
0.100	0.100	0.100	0.700
0.700	0.100	0.100	0.100
0.100	0.100	0.100	0.700
0.700	0.100	0.100	0.100
0.100	0.100	0.100	0.700
0.700	0.100	0.100	0.100
0.100	0.700	0.100	0.100
0.100	0.100	0.700	0.100
0.700	0.100	0.100	0.100
0.100	0.100	0.100	0.700
>CGCATACGTTAG	13-CGCATACGTTAG	12.164152	-84.880782	0	T:22.0(0.76%),B:3.7(0.01%),P:1e-36	Tpos:15.6,Tstd:9.1,Bpos:36.4,Bstd:5.4,StrandBias:2.7,Multiplicity:1.00
0.229	0.541	0.001	0.229
0.001	0.001	0.997	0.001
0.001	0.770	0.001	0.228
0.997	0.001	0.001	0.001
0.001	0.001	0.001	0.997
0.695	0.303	0.001	0.001
0.001	0.997	0.001	0.001
0.001	0.001	0.997	0.001
0.001	0.001	0.001	0.997
0.228	0.001	0.001	0.770
0.770	0.001	0.228	0.001
0.001	0.229	0.541	0.229
>ATATGCAATGCA	14-ATATGCAATGCA	12.355432	-83.492665	0	T:20.0(0.69%),B:2.6(0.01%),P:1e-36	Tpos:27.8,Tstd:8.1,Bpos:36.1,Bstd:17.5,StrandBias:4.2,Multiplicity:1.00
0.700	0.100	0.100	0.100
0.100	0.100	0.100	0.700
0.700	0.100	0.100	0.100
0.100	0.100	0.100	0.700
0.100	0.100	0.700	0.100
0.100	0.700	0.100	0.100
0.700	0.100	0.100	0.100
0.700	0.100	0.100	0.100
0.100	0.100	0.100	0.700
0.100	0.100	0.700	0.100
0.100	0.700	0.100	0.100
0.700	0.100	0.100	0.100
>CCTCATGGTCAA	15-CCTCATGGTCAA	12.378769	-76.571214	0	T:38.0(1.31%),B:33.5(0.07%),P:1e-33	Tpos:43.2,Tstd:14.4,Bpos:22.0,Bstd:15.7,StrandBias:1.9,Multiplicity:1.00
0.001	0.679	0.001	0.319
0.001	0.959	0.020	0.020
0.001	0.001	0.317	0.681
0.019	0.979	0.001	0.001
0.997	0.001	0.001	0.001
0.001	0.383	0.020	0.596
0.020	0.299	0.680	0.001
0.001	0.001	0.997	0.001
0.001	0.001	0.317	0.681
0.001	0.997	0.001	0.001
0.597	0.001	0.004	0.398
0.662	0.001	0.317	0.020
>AAAGGTATCACG	16-AAAGGTATCACG	10.889104	-75.649255	0	T:44.0(1.52%),B:52.6(0.12%),P:1e-32	Tpos:30.3,Tstd:9.2,Bpos:37.7,Bstd:14.1,StrandBias:1.8,Multiplicity:1.00
0.929	0.001	0.069	0.001
0.860	0.138	0.001	0.001
0.929	0.069	0.001	0.001
0.001	0.001	0.997	0.001
0.139	0.070	0.721	0.070
0.069	0.001	0.139	0.791
0.721	0.139	0.139	0.001
0.069	0.001	0.001	0.929
0.070	0.790	0.001	0.139
0.929	0.001	0.001	0.069
0.139	0.790	0.001	0.070
0.161	0.070	0.630	0.139
>TCCGCAGTTAAG	17-TCCGCAGTTAAG	10.010891	-68.940703	0	T:46.0(1.59%),B:69.7(0.16%),P:1e-29	Tpos:34.6,Tstd:16.2,Bpos:17.3,Bstd:2.4,StrandBias:-0.8,Multiplicity:1.00
0.039	0.001	0.001	0.959
0.001	0.780	0.130	0.089
0.001	0.703	0.001	0.295
0.001	0.001	0.997	0.001
0.001	0.997	0.001	0.001
0.997	0.001	0.001	0.001
0.001	0.089	0.909	0.001
0.001	0.001	0.001	0.997
0.001	0.001	0.001	0.997
0.997	0.001	0.001	0.001
0.997	0.001	0.001	0.001
0.001	0.001	0.997	0.001
>CTATYTGGGCTT	18-CTATYTGGGCTT	12.815434	-68.193816	0	T:29.0(1.00%),B:18.2(0.04%),P:1e-29	Tpos:20.3,Tstd:15.7,Bpos:42.6,Bstd:15.5,StrandBias:2.3,Multiplicity:1.00
0.001	0.782	0.001	0.216
0.001	0.001	0.001	0.997
0.922	0.076	0.001	0.001
0.001	0.001	0.001	0.997
0.001	0.486	0.001	0.512
0.001	0.001	0.001	0.997
0.057	0.001	0.941	0.001
0.216	0.001	0.782	0.001
0.001	0.001	0.997	0.001
0.001	0.997	0.001	0.001
0.001	0.001	0.001	0.997
0.001	0.001	0.001	0.997
>CTTTGGCTTTGT	19-CTTTGGCTTTGT	12.355432	-63.609496	0	T:16.0(0.55%),B:2.4(0.01%),P:1e-27	Tpos:35.2,Tstd:14.7,Bpos:25.0,Bstd:14.3,StrandBias:-0.4,Multiplicity:1.00
0.100	0.700	0.100	0.100
0.100	0.100	0.100	0.700
0.100	0.100	0.100	0.700
0.100	0.100	0.100	0.700
0.100	0.100	0.700	0.100
0.100	0.100	0.700	0.100
0.100	0.700	0.100	0.100
0.100	0.100	0.100	0.700
0.100	0.100	0.100	0.700
0.100	0.100	0.100	0.700
0.100	0.100	0.700	0.100
0.100	0.100	0.100	0.700
>TCTCNCCTAAGC	20-TCTCNCCTAAGC	11.304500	-58.229267	0	T:43.0(1.49%),B:76.4(0.17%),P:1e-25	Tpos:41.7,Tstd:12.8,Bpos:29.1,Bstd:6.5,StrandBias:1.4,Multiplicity:1.00
0.001	0.001	0.001	0.997
0.001	0.997	0.001	0.001
0.001	0.001	0.001	0.997
0.001	0.997	0.001	0.001
0.229	0.229	0.312	0.229
0.229	0.507	0.229	0.035
0.229	0.735	0.001	0.035
0.001	0.079	0.001	0.919
0.997	0.001	0.001	0.001
0.735	0.035	0.001	0.229
0.001	0.001	0.990	0.008
0.035	0.735	0.001	0.229
>TYCCKGGAGGTC	21-TYCCKGGAGGTC	11.545167	-52.414108	0	T:24.0(0.83%),B:18.0(0.04%),P:1e-22	Tpos:21.5,Tstd:9.6,Bpos:50.3,Bstd:5.6,StrandBias:1.0,Multiplicity:1.00
0.001	0.001	0.001	0.997
0.001	0.463	0.001	0.535
0.001	0.997	0.001	0.001
0.001	0.997	0.001	0.001
0.076	0.001	0.463	0.460
0.075	0.001	0.923	0.001
0.001	0.001	0.997	0.001
0.997	0.001	0.001	0.001
0.250	0.001	0.748	0.001
0.001	0.001	0.997	0.001
0.001	0.037	0.001	0.961
0.001	0.997	0.001	0.001
>CTCGTCCAGGTG	22-CTCGTCCAGGTG	11.696124	-48.852756	0	T:18.0(0.62%),B:8.7(0.02%),P:1e-21	Tpos:32.1,Tstd:18.6,Bpos:42.0,Bstd:21.2,StrandBias:0.5,Multiplicity:1.22
0.001	0.997	0.001	0.001
0.228	0.001	0.001	0.770
0.001	0.997	0.001	0.001
0.001	0.001	0.997	0.001
0.311	0.001	0.001	0.687
0.001	0.997	0.001	0.001
0.001	0.770	0.001	0.228
0.531	0.001	0.229	0.239
0.001	0.001	0.938	0.060
0.001	0.228	0.770	0.001
0.001	0.001	0.311	0.687
0.001	0.001	0.770	0.228
>AGAGAGAGAGAR	23-AGAGAGAGAGAR	8.421757	-32.079735	0	T:165.0(5.71%),B:1339.4(2.99%),P:1e-13	Tpos:33.2,Tstd:15.2,Bpos:32.1,Bstd:16.3,StrandBias:0.4,Multiplicity:1.06
0.839	0.010	0.095	0.056
0.111	0.089	0.665	0.135
0.946	0.010	0.025	0.019
0.126	0.121	0.689	0.064
0.942	0.001	0.038	0.019
0.111	0.087	0.801	0.001
0.953	0.010	0.010	0.027
0.252	0.024	0.649	0.075
0.878	0.010	0.096	0.016
0.333	0.061	0.577	0.029
0.738	0.062	0.141	0.059
0.473	0.085	0.328	0.115
>CTCTGAACCCTA	24-CTCTGAACCCTA	13.922665	-11.743072	0	T:6.0(0.21%),B:7.1(0.02%),P:1e-5	Tpos:32.2,Tstd:15.7,Bpos:23.5,Bstd:16.5,StrandBias:1.8,Multiplicity:6.67
0.001	0.997	0.001	0.001
0.001	0.265	0.001	0.733
0.001	0.997	0.001	0.001
0.001	0.001	0.001	0.997
0.258	0.001	0.740	0.001
0.997	0.001	0.001	0.001
0.997	0.001	0.001	0.001
0.001	0.997	0.001	0.001
0.001	0.997	0.001	0.001
0.001	0.997	0.001	0.001
0.001	0.001	0.001	0.997
0.997	0.001	0.001	0.001
>TTTTTTTTTTTT	25-TTTTTTTTTTTT	12.355432	-8.854635	0	T:42.0(1.45%),B:349.1(0.78%),P:1e-3	Tpos:30.2,Tstd:12.9,Bpos:35.0,Bstd:24.7,StrandBias:-0.5,Multiplicity:1.02
0.100	0.100	0.100	0.700
0.100	0.100	0.100	0.700
0.100	0.100	0.100	0.700
0.100	0.100	0.100	0.700
0.100	0.100	0.100	0.700
0.100	0.100	0.100	0.700
0.100	0.100	0.100	0.700
0.100	0.100	0.100	0.700
0.100	0.100	0.100	0.700
0.100	0.100	0.100	0.700
0.100	0.100	0.100	0.700
0.100	0.100	0.100	0.700
