>TCATACACAT	1-TCATACACAT	10.778294	-200.501471	0	T:61.0(2.11%),B:14.4(0.03%),P:1e-87	Tpos:35.0,Tstd:16.2,Bpos:29.5,Bstd:14.1,StrandBias:-1.1,Multiplicity:1.00
0.001	0.001	0.001	0.997
0.001	0.951	0.047	0.001
0.997	0.001	0.001	0.001
0.001	0.001	0.001	0.997
0.997	0.001	0.001	0.001
0.001	0.997	0.001	0.001
0.997	0.001	0.001	0.001
0.001	0.997	0.001	0.001
0.997	0.001	0.001	0.001
0.001	0.001	0.001	0.997
>AATATGACTT	2-AATATGACTT	10.296193	-194.773984	0	T:54.0(1.87%),B:10.0(0.02%),P:1e-84	Tpos:34.5,Tstd:14.3,Bpos:35.6,Bstd:10.1,StrandBias:1.1,Multiplicity:1.00
0.700	0.100	0.100	0.100
0.700	0.100	0.100	0.100
0.100	0.100	0.100	0.700
0.700	0.100	0.100	0.100
0.100	0.100	0.100	0.700
0.100	0.100	0.700	0.100
0.700	0.100	0.100	0.100
0.100	0.700	0.100	0.100
0.100	0.100	0.100	0.700
0.100	0.100	0.100	0.700
>TCCCATCAGA	3-TCCCATCAGA	10.296193	-169.807041	0	T:36.0(1.25%),B:2.6(0.01%),P:1e-73	Tpos:31.0,Tstd:12.6,Bpos:28.8,Bstd:5.0,StrandBias:-0.2,Multiplicity:1.00
0.100	0.100	0.100	0.700
0.100	0.700	0.100	0.100
0.100	0.700	0.100	0.100
0.100	0.700	0.100	0.100
0.700	0.100	0.100	0.100
0.100	0.100	0.100	0.700
0.100	0.700	0.100	0.100
0.700	0.100	0.100	0.100
0.100	0.100	0.700	0.100
0.700	0.100	0.100	0.100
>CACGTGAWBH	4-CACGTGAWBH	7.024997	-127.997678	0	T:270.0(9.34%),B:1380.8(3.08%),P:1e-55	Tpos:33.4,Tstd:17.1,Bpos:31.6,Bstd:21.3,StrandBias:0.1,Multiplicity:1.43
0.001	0.997	0.001	0.001
0.997	0.001	0.001	0.001
0.001	0.781	0.001	0.217
0.321	0.001	0.630	0.048
0.001	0.001	0.001	0.997
0.008	0.001	0.990	0.001
0.399	0.223	0.208	0.171
0.286	0.183	0.188	0.343
0.178	0.336	0.206	0.279
0.287	0.245	0.124	0.344
>CCATAAATGG	5-CCATAAATGG	8.961397	-117.362952	0	T:58.0(2.01%),B:49.7(0.11%),P:1e-50	Tpos:35.6,Tstd:15.0,Bpos:41.7,Bstd:15.7,StrandBias:-0.2,Multiplicity:1.00
0.069	0.840	0.077	0.014
0.052	0.889	0.001	0.058
0.594	0.085	0.158	0.163
0.255	0.063	0.151	0.531
0.915	0.028	0.028	0.029
0.849	0.056	0.056	0.039
0.647	0.035	0.150	0.168
0.084	0.091	0.043	0.782
0.344	0.001	0.654	0.001
0.051	0.056	0.821	0.072
>TTRCGGTYTA	6-TTRCGGTYTA	11.162025	-110.877046	0	T:60.0(2.08%),B:61.3(0.14%),P:1e-48	Tpos:40.3,Tstd:16.1,Bpos:25.5,Bstd:16.8,StrandBias:0.8,Multiplicity:1.00
0.001	0.001	0.001	0.997
0.001	0.410	0.001	0.588
0.439	0.031	0.529	0.001
0.001	0.927	0.071	0.001
0.001	0.001	0.997	0.001
0.027	0.054	0.918	0.001
0.001	0.001	0.001	0.997
0.001	0.445	0.001	0.553
0.001	0.001	0.001	0.997
0.997	0.001	0.001	0.001
>TAATGCACCG	7-TAATGCACCG	10.186243	-99.366937	0	T:25.0(0.86%),B:3.8(0.01%),P:1e-43	Tpos:30.7,Tstd:11.8,Bpos:38.0,Bstd:13.5,StrandBias:-0.1,Multiplicity:1.00
0.001	0.001	0.001	0.997
0.997	0.001	0.001	0.001
0.997	0.001	0.001	0.001
0.001	0.001	0.001	0.997
0.001	0.001	0.997	0.001
0.001	0.997	0.001	0.001
0.972	0.026	0.001	0.001
0.001	0.997	0.001	0.001
0.001	0.997	0.001	0.001
0.001	0.001	0.997	0.001
>TATCACATGC	8-TATCACATGC	10.185172	-83.406978	0	T:45.0(1.56%),B:46.5(0.10%),P:1e-36	Tpos:35.0,Tstd:10.8,Bpos:37.7,Bstd:6.6,StrandBias:1.3,Multiplicity:1.00
0.001	0.001	0.001	0.997
0.997	0.001	0.001	0.001
0.109	0.001	0.001	0.889
0.001	0.997	0.001	0.001
0.968	0.001	0.001	0.030
0.001	0.997	0.001	0.001
0.997	0.001	0.001	0.001
0.001	0.001	0.030	0.968
0.001	0.001	0.997	0.001
0.001	0.997	0.001	0.001
>CTTAGGCTTT	9-CTTAGGCTTT	10.296193	-82.359390	0	T:24.0(0.83%),B:6.0(0.01%),P:1e-35	Tpos:38.5,Tstd:15.1,Bpos:33.0,Bstd:12.7,StrandBias:-1.0,Multiplicity:1.00
0.100	0.700	0.100	0.100
0.100	0.100	0.100	0.700
0.100	0.100	0.100	0.700
0.700	0.100	0.100	0.100
0.100	0.100	0.700	0.100
0.100	0.100	0.700	0.100
0.100	0.700	0.100	0.100
0.100	0.100	0.100	0.700
0.100	0.100	0.100	0.700
0.100	0.100	0.100	0.700
>TGGTCGAGTG	10-TGGTCGAGTG	8.982947	-76.846521	0	T:71.0(2.46%),B:168.8(0.38%),P:1e-33	Tpos:36.2,Tstd:15.2,Bpos:32.8,Bstd:16.5,StrandBias:-0.3,Multiplicity:1.30
0.093	0.054	0.126	0.727
0.019	0.025	0.910	0.046
0.068	0.021	0.867	0.044
0.043	0.055	0.214	0.688
0.096	0.787	0.045	0.072
0.059	0.064	0.861	0.016
0.859	0.059	0.057	0.025
0.066	0.027	0.881	0.026
0.233	0.050	0.044	0.673
0.186	0.039	0.751	0.024
>BTATACKMRC	11-BTATACKMRC	5.782479	-74.625071	0	T:86.0(2.97%),B:262.7(0.59%),P:1e-32	Tpos:31.3,Tstd:15.2,Bpos:32.0,Bstd:18.1,StrandBias:-0.3,Multiplicity:1.36
0.153	0.231	0.356	0.261
0.072	0.211	0.138	0.579
0.744	0.133	0.078	0.045
0.002	0.279	0.071	0.648
0.461	0.140	0.222	0.177
0.304	0.456	0.020	0.221
0.090	0.104	0.399	0.408
0.430	0.478	0.083	0.009
0.419	0.126	0.288	0.167
0.312	0.469	0.087	0.132
>CGCACTTAAG	12-CGCACTTAAG	10.435136	-74.160325	0	T:51.0(1.76%),B:80.2(0.18%),P:1e-32	Tpos:34.1,Tstd:16.8,Bpos:19.0,Bstd:5.9,StrandBias:-0.8,Multiplicity:1.00
0.001	0.611	0.001	0.387
0.001	0.200	0.798	0.001
0.001	0.985	0.001	0.013
0.997	0.001	0.001	0.001
0.001	0.644	0.354	0.001
0.029	0.001	0.200	0.770
0.200	0.001	0.001	0.798
0.874	0.001	0.124	0.001
0.798	0.001	0.001	0.200
0.001	0.001	0.980	0.018
>GTGGGGCCCA	13-GTGGGGCCCA	6.486324	-73.262705	0	T:133.0(4.60%),B:608.2(1.36%),P:1e-31	Tpos:28.9,Tstd:16.1,Bpos:31.2,Bstd:22.0,StrandBias:0.0,Multiplicity:1.02
0.180	0.012	0.682	0.126
0.027	0.058	0.057	0.858
0.028	0.001	0.757	0.214
0.043	0.069	0.830	0.058
0.072	0.058	0.836	0.034
0.117	0.153	0.604	0.126
0.036	0.755	0.110	0.099
0.035	0.901	0.001	0.063
0.068	0.742	0.089	0.101
0.758	0.063	0.102	0.077
>TMCDAMTAGG	14-TMCDAMTAGG	7.335910	-69.660928	0	T:85.0(2.94%),B:275.8(0.62%),P:1e-30	Tpos:29.9,Tstd:13.0,Bpos:38.5,Bstd:15.1,StrandBias:-0.1,Multiplicity:1.00
0.001	0.320	0.001	0.678
0.526	0.379	0.094	0.001
0.150	0.524	0.325	0.001
0.297	0.001	0.416	0.287
0.997	0.001	0.001	0.001
0.552	0.446	0.001	0.001
0.297	0.152	0.001	0.550
0.543	0.273	0.183	0.001
0.070	0.120	0.586	0.224
0.294	0.001	0.580	0.125
>ATCATACCAG	15-ATCATACCAG	10.689673	-64.827760	0	T:27.0(0.93%),B:16.3(0.04%),P:1e-28	Tpos:31.9,Tstd:22.2,Bpos:42.1,Bstd:7.2,StrandBias:-1.0,Multiplicity:1.00
0.997	0.001	0.001	0.001
0.001	0.045	0.001	0.953
0.001	0.997	0.001	0.001
0.997	0.001	0.001	0.001
0.001	0.001	0.001	0.997
0.953	0.045	0.001	0.001
0.001	0.997	0.001	0.001
0.001	0.997	0.001	0.001
0.997	0.001	0.001	0.001
0.001	0.001	0.997	0.001
>CTTCTTGCTT	16-CTTCTTGCTT	10.527915	-62.137626	0	T:28.0(0.97%),B:20.4(0.05%),P:1e-26	Tpos:28.0,Tstd:15.8,Bpos:25.4,Bstd:11.3,StrandBias:-1.9,Multiplicity:1.00
0.001	0.997	0.001	0.001
0.001	0.001	0.001	0.997
0.001	0.001	0.001	0.997
0.038	0.960	0.001	0.001
0.001	0.038	0.001	0.960
0.001	0.001	0.001	0.997
0.001	0.001	0.997	0.001
0.001	0.997	0.001	0.001
0.001	0.001	0.001	0.997
0.001	0.001	0.001	0.997
>AAGTTTGGCC	17-AAGTTTGGCC	10.274281	-56.761066	0	T:40.0(1.38%),B:66.5(0.15%),P:1e-24	Tpos:37.9,Tstd:9.9,Bpos:27.7,Bstd:13.1,StrandBias:2.0,Multiplicity:1.00
0.997	0.001	0.001	0.001
0.997	0.001	0.001	0.001
0.001	0.001	0.997	0.001
0.001	0.001	0.001	0.997
0.001	0.001	0.032	0.966
0.043	0.043	0.001	0.913
0.032	0.001	0.966	0.001
0.001	0.001	0.997	0.001
0.001	0.997	0.001	0.001
0.001	0.997	0.001	0.001
>WTTSYATTGN	18-WTTSYATTGN	8.603868	-43.545941	0	T:19.0(0.66%),B:13.5(0.03%),P:1e-18	Tpos:28.0,Tstd:4.6,Bpos:19.0,Bstd:7.2,StrandBias:-4.2,Multiplicity:1.00
0.559	0.001	0.001	0.439
0.414	0.001	0.001	0.584
0.283	0.194	0.001	0.522
0.001	0.300	0.432	0.267
0.151	0.462	0.001	0.386
0.997	0.001	0.001	0.001
0.232	0.226	0.049	0.493
0.001	0.001	0.001	0.997
0.001	0.001	0.960	0.038
0.181	0.325	0.267	0.227
>TTACTCGACC	19-TTACTCGACC	10.296193	-35.770830	0	T:11.0(0.38%),B:3.3(0.01%),P:1e-15	Tpos:31.9,Tstd:18.2,Bpos:21.0,Bstd:3.3,StrandBias:0.5,Multiplicity:1.09
0.100	0.100	0.100	0.700
0.100	0.100	0.100	0.700
0.700	0.100	0.100	0.100
0.100	0.700	0.100	0.100
0.100	0.100	0.100	0.700
0.100	0.700	0.100	0.100
0.100	0.100	0.700	0.100
0.700	0.100	0.100	0.100
0.100	0.700	0.100	0.100
0.100	0.700	0.100	0.100
>TCTCTCTTTC	20-TCTCTCTTTC	7.280791	-34.857394	0	T:236.0(8.16%),B:2107.1(4.70%),P:1e-15	Tpos:31.7,Tstd:16.6,Bpos:32.7,Bstd:16.0,StrandBias:-0.7,Multiplicity:1.07
0.200	0.036	0.218	0.546
0.001	0.783	0.108	0.108
0.001	0.083	0.001	0.915
0.001	0.846	0.152	0.001
0.016	0.001	0.001	0.982
0.063	0.844	0.001	0.092
0.061	0.001	0.001	0.937
0.211	0.239	0.110	0.440
0.112	0.169	0.001	0.718
0.164	0.499	0.262	0.076
>AAAGCTTTGA	21-AAAGCTTTGA	13.709204	-33.022392	0	T:17.0(0.59%),B:17.7(0.04%),P:1e-14	Tpos:30.2,Tstd:18.1,Bpos:25.6,Bstd:9.7,StrandBias:0.2,Multiplicity:1.00
0.997	0.001	0.001	0.001
0.997	0.001	0.001	0.001
0.997	0.001	0.001	0.001
0.001	0.001	0.997	0.001
0.001	0.997	0.001	0.001
0.001	0.001	0.001	0.997
0.001	0.001	0.001	0.997
0.001	0.001	0.001	0.997
0.001	0.117	0.881	0.001
0.997	0.001	0.001	0.001
>GGWCTKTGGC	22-GGWCTKTGGC	7.910324	-31.181685	0	T:16.0(0.55%),B:16.6(0.04%),P:1e-13	Tpos:37.5,Tstd:15.3,Bpos:33.7,Bstd:18.7,StrandBias:0.1,Multiplicity:1.31
0.233	0.137	0.408	0.222
0.001	0.001	0.664	0.334
0.371	0.036	0.199	0.394
0.214	0.482	0.272	0.032
0.018	0.097	0.090	0.795
0.186	0.130	0.322	0.362
0.212	0.001	0.018	0.769
0.036	0.095	0.682	0.187
0.223	0.001	0.740	0.036
0.206	0.792	0.001	0.001
>TTWTTTCCTT	23-TTWTTTCCTT	9.251839	-24.674244	0	T:67.0(2.32%),B:409.4(0.91%),P:1e-10	Tpos:33.8,Tstd:20.0,Bpos:32.7,Bstd:20.6,StrandBias:0.0,Multiplicity:1.00
0.001	0.088	0.001	0.910
0.035	0.001	0.001	0.963
0.458	0.001	0.167	0.374
0.143	0.227	0.001	0.629
0.279	0.056	0.132	0.533
0.293	0.001	0.001	0.705
0.001	0.997	0.001	0.001
0.001	0.997	0.001	0.001
0.001	0.068	0.377	0.554
0.001	0.001	0.001	0.997
>CCCTAAACCC	24-CCCTAAACCC	10.393883	-8.840301	0	T:7.0(0.24%),B:17.3(0.04%),P:1e-3	Tpos:31.8,Tstd:15.3,Bpos:30.0,Bstd:22.7,StrandBias:1.5,Multiplicity:5.57
0.001	0.997	0.001	0.001
0.001	0.997	0.001	0.001
0.001	0.997	0.001	0.001
0.001	0.001	0.001	0.997
0.997	0.001	0.001	0.001
0.997	0.001	0.001	0.001
0.997	0.001	0.001	0.001
0.001	0.966	0.032	0.001
0.001	0.997	0.001	0.001
0.001	0.997	0.001	0.001
>TTTTTTTTTT	25-TTTTTTTTTT	4.458463	-3.973356	0	T:1532.0(52.99%),B:22891.0(51.04%),P:1e-1	Tpos:32.2,Tstd:16.6,Bpos:32.1,Bstd:20.2,StrandBias:-0.0,Multiplicity:1.44
0.100	0.100	0.100	0.700
0.100	0.100	0.100	0.700
0.100	0.100	0.100	0.700
0.100	0.100	0.100	0.700
0.100	0.100	0.100	0.700
0.100	0.100	0.100	0.700
0.100	0.100	0.100	0.700
0.100	0.100	0.100	0.700
0.100	0.100	0.100	0.700
0.100	0.100	0.100	0.700
>AATATGACTTGA	1-AATATGACTTGA	11.744649	-306.113181	0	T:59.0(2.04%),B:2.4(0.01%),P:1e-132	Tpos:35.4,Tstd:14.4,Bpos:34.7,Bstd:5.2,StrandBias:1.3,Multiplicity:1.00
0.997	0.001	0.001	0.001
0.997	0.001	0.001	0.001
0.001	0.001	0.001	0.997
0.997	0.001	0.001	0.001
0.001	0.001	0.001	0.997
0.001	0.001	0.997	0.001
0.997	0.001	0.001	0.001
0.001	0.997	0.001	0.001
0.008	0.001	0.001	0.990
0.030	0.001	0.001	0.968
0.001	0.001	0.997	0.001
0.997	0.001	0.001	0.001
>TCATACACATGA	2-TCATACACATGA	11.798356	-293.838111	0	T:57.0(1.97%),B:2.9(0.01%),P:1e-127	Tpos:34.9,Tstd:15.1,Bpos:36.4,Bstd:14.2,StrandBias:-1.0,Multiplicity:1.00
0.001	0.001	0.001	0.997
0.001	0.977	0.021	0.001
0.997	0.001	0.001	0.001
0.001	0.001	0.001	0.997
0.997	0.001	0.001	0.001
0.001	0.997	0.001	0.001
0.997	0.001	0.001	0.001
0.001	0.989	0.001	0.009
0.997	0.001	0.001	0.001
0.001	0.001	0.001	0.997
0.001	0.064	0.934	0.001
0.981	0.001	0.009	0.009
>TAGTGTTTTGGA	3-TAGTGTTTTGGA	16.573202	-279.375796	0	T:49.0(1.69%),B:1.7(0.00%),P:1e-121	Tpos:30.6,Tstd:16.2,Bpos:32.2,Bstd:9.5,StrandBias:1.3,Multiplicity:1.00
0.001	0.001	0.001	0.997
0.997	0.001	0.001	0.001
0.001	0.001	0.997	0.001
0.001	0.001	0.001	0.997
0.001	0.001	0.997	0.001
0.001	0.001	0.001	0.997
0.001	0.001	0.001	0.997
0.001	0.001	0.001	0.997
0.001	0.001	0.001	0.997
0.010	0.001	0.979	0.010
0.009	0.001	0.989	0.001
0.997	0.001	0.001	0.001
>CCAAAAATGGMA	4-CCAAAAATGGMA	6.919231	-245.251951	0	T:432.0(14.94%),B:1968.3(4.39%),P:1e-106	Tpos:33.1,Tstd:14.9,Bpos:32.3,Bstd:19.1,StrandBias:-0.0,Multiplicity:1.07
0.243	0.595	0.144	0.018
0.009	0.640	0.009	0.342
0.595	0.117	0.099	0.189
0.649	0.045	0.099	0.207
0.972	0.001	0.009	0.018
0.757	0.054	0.009	0.180
0.721	0.018	0.117	0.144
0.325	0.027	0.108	0.540
0.315	0.001	0.675	0.009
0.018	0.063	0.892	0.027
0.388	0.279	0.180	0.153
0.630	0.126	0.001	0.243
>ACCCCATCAGAA	5-ACCCCATCAGAA	12.570501	-220.318089	0	T:40.0(1.38%),B:1.5(0.00%),P:1e-95	Tpos:30.4,Tstd:12.6,Bpos:24.3,Bstd:5.5,StrandBias:-0.1,Multiplicity:1.00
0.997	0.001	0.001	0.001
0.001	0.595	0.001	0.403
0.001	0.997	0.001	0.001
0.001	0.700	0.298	0.001
0.001	0.997	0.001	0.001
0.997	0.001	0.001	0.001
0.001	0.001	0.001	0.997
0.001	0.701	0.001	0.297
0.701	0.001	0.297	0.001
0.001	0.001	0.997	0.001
0.997	0.001	0.001	0.001
0.701	0.297	0.001	0.001
>GTTCTTATACTC	6-GTTCTTATACTC	9.658279	-186.903266	0	T:39.0(1.35%),B:2.8(0.01%),P:1e-81	Tpos:33.2,Tstd:14.5,Bpos:41.6,Bstd:12.3,StrandBias:-1.2,Multiplicity:1.00
0.001	0.001	0.997	0.001
0.001	0.001	0.001	0.997
0.001	0.001	0.001	0.997
0.001	0.877	0.061	0.061
0.001	0.016	0.001	0.982
0.001	0.001	0.001	0.997
0.997	0.001	0.001	0.001
0.001	0.001	0.001	0.997
0.982	0.001	0.016	0.001
0.001	0.997	0.001	0.001
0.001	0.001	0.001	0.997
0.001	0.997	0.001	0.001
>AGAAGCAAGAAG	7-AGAAGCAAGAAG	12.876638	-138.764365	0	T:27.0(0.93%),B:1.9(0.00%),P:1e-60	Tpos:31.1,Tstd:15.8,Bpos:33.0,Bstd:5.4,StrandBias:1.5,Multiplicity:1.00
0.997	0.001	0.001	0.001
0.001	0.001	0.997	0.001
0.972	0.001	0.001	0.026
0.997	0.001	0.001	0.001
0.001	0.001	0.997	0.001
0.001	0.997	0.001	0.001
0.997	0.001	0.001	0.001
0.972	0.001	0.026	0.001
0.001	0.001	0.972	0.026
0.972	0.026	0.001	0.001
0.997	0.001	0.001	0.001
0.001	0.001	0.997	0.001
>CTTGTTWGAAKA	8-CTTGTTWGAAKA	12.707315	-133.209795	0	T:39.0(1.35%),B:8.2(0.02%),P:1e-57	Tpos:36.1,Tstd:15.0,Bpos:28.0,Bstd:19.9,StrandBias:1.0,Multiplicity:1.00
0.001	0.842	0.001	0.156
0.156	0.001	0.001	0.842
0.157	0.003	0.001	0.839
0.001	0.157	0.528	0.314
0.001	0.001	0.001	0.997
0.001	0.001	0.001	0.997
0.471	0.001	0.001	0.527
0.001	0.338	0.660	0.001
0.818	0.001	0.001	0.180
0.790	0.185	0.001	0.024
0.157	0.004	0.473	0.366
0.997	0.001	0.001	0.001
>ACTAATGCACCG	9-ACTAATGCACCG	12.830221	-126.709360	0	T:25.0(0.86%),B:1.7(0.00%),P:1e-55	Tpos:31.3,Tstd:13.6,Bpos:51.0,Bstd:5.1,StrandBias:-0.3,Multiplicity:1.00
0.997	0.001	0.001	0.001
0.001	0.997	0.001	0.001
0.001	0.001	0.001	0.997
0.997	0.001	0.001	0.001
0.997	0.001	0.001	0.001
0.001	0.001	0.001	0.997
0.001	0.001	0.997	0.001
0.001	0.975	0.023	0.001
0.997	0.001	0.001	0.001
0.001	0.997	0.001	0.001
0.001	0.997	0.001	0.001
0.001	0.001	0.997	0.001
>TACTTAGGCTTT	10-TACTTAGGCTTT	12.679328	-125.501134	0	T:28.0(0.97%),B:2.6(0.01%),P:1e-54	Tpos:36.6,Tstd:15.3,Bpos:34.7,Bstd:11.9,StrandBias:-0.8,Multiplicity:1.00
0.001	0.001	0.022	0.976
0.997	0.001	0.001	0.001
0.001	0.976	0.001	0.022
0.022	0.001	0.001	0.976
0.001	0.001	0.001	0.997
0.976	0.001	0.022	0.001
0.001	0.001	0.997	0.001
0.001	0.022	0.976	0.001
0.001	0.976	0.001	0.022
0.001	0.001	0.001	0.997
0.001	0.001	0.001	0.997
0.001	0.001	0.001	0.997
>GGTTGCGGTTTA	11-GGTTGCGGTTTA	11.712901	-114.812724	0	T:23.0(0.80%),B:0.5(0.00%),P:1e-49	Tpos:35.3,Tstd:15.0,Bpos:45.0,Bstd:0.0,StrandBias:-0.9,Multiplicity:1.00
0.001	0.001	0.997	0.001
0.242	0.001	0.726	0.031
0.001	0.001	0.001	0.997
0.001	0.001	0.001	0.997
0.001	0.001	0.997	0.001
0.001	0.967	0.031	0.001
0.001	0.001	0.997	0.001
0.001	0.001	0.997	0.001
0.001	0.001	0.001	0.997
0.001	0.001	0.001	0.997
0.001	0.001	0.001	0.997
0.997	0.001	0.001	0.001
>AATATATACGAT	12-AATATATACGAT	12.355432	-91.550580	0	T:19.0(0.66%),B:1.9(0.00%),P:1e-39	Tpos:36.1,Tstd:5.8,Bpos:8.0,Bstd:0.0,StrandBias:-4.2,Multiplicity:1.00
0.700	0.100	0.100	0.100
0.700	0.100	0.100	0.100
0.100	0.100	0.100	0.700
0.700	0.100	0.100	0.100
0.100	0.100	0.100	0.700
0.700	0.100	0.100	0.100
0.100	0.100	0.100	0.700
0.700	0.100	0.100	0.100
0.100	0.700	0.100	0.100
0.100	0.100	0.700	0.100
0.700	0.100	0.100	0.100
0.100	0.100	0.100	0.700
>CGCATACGTTAG	13-CGCATACGTTAG	12.164152	-84.880782	0	T:22.0(0.76%),B:3.7(0.01%),P:1e-36	Tpos:15.6,Tstd:9.1,Bpos:36.4,Bstd:5.4,StrandBias:2.7,Multiplicity:1.00
0.229	0.541	0.001	0.229
0.001	0.001	0.997	0.001
0.001	0.770	0.001	0.228
0.997	0.001	0.001	0.001
0.001	0.001	0.001	0.997
0.695	0.303	0.001	0.001
0.001	0.997	0.001	0.001
0.001	0.001	0.997	0.001
0.001	0.001	0.001	0.997
0.228	0.001	0.001	0.770
0.770	0.001	0.228	0.001
0.001	0.229	0.541	0.229
>ATATGCAATGCA	14-ATATGCAATGCA	12.355432	-83.492665	0	T:20.0(0.69%),B:2.6(0.01%),P:1e-36	Tpos:27.8,Tstd:8.1,Bpos:36.1,Bstd:17.5,StrandBias:4.2,Multiplicity:1.00
0.700	0.100	0.100	0.100
0.100	0.100	0.100	0.700
0.700	0.100	0.100	0.100
0.100	0.100	0.100	0.700
0.100	0.100	0.700	0.100
0.100	0.700	0.100	0.100
0.700	0.100	0.100	0.100
0.700	0.100	0.100	0.100
0.100	0.100	0.100	0.700
0.100	0.100	0.700	0.100
0.100	0.700	0.100	0.100
0.700	0.100	0.100	0.100
>CCTCATGGTCAA	15-CCTCATGGTCAA	12.378769	-76.571214	0	T:38.0(1.31%),B:33.5(0.07%),P:1e-33	Tpos:43.2,Tstd:14.4,Bpos:22.0,Bstd:15.7,StrandBias:1.9,Multiplicity:1.00
0.001	0.679	0.001	0.319
0.001	0.959	0.020	0.020
0.001	0.001	0.317	0.681
0.019	0.979	0.001	0.001
0.997	0.001	0.001	0.001
0.001	0.383	0.020	0.596
0.020	0.299	0.680	0.001
0.001	0.001	0.997	0.001
0.001	0.001	0.317	0.681
0.001	0.997	0.001	0.001
0.597	0.001	0.004	0.398
0.662	0.001	0.317	0.020
>AAAGGTATCACG	16-AAAGGTATCACG	10.889104	-75.649255	0	T:44.0(1.52%),B:52.6(0.12%),P:1e-32	Tpos:30.3,Tstd:9.2,Bpos:37.7,Bstd:14.1,StrandBias:1.8,Multiplicity:1.00
0.929	0.001	0.069	0.001
0.860	0.138	0.001	0.001
0.929	0.069	0.001	0.001
0.001	0.001	0.997	0.001
0.139	0.070	0.721	0.070
0.069	0.001	0.139	0.791
0.721	0.139	0.139	0.001
0.069	0.001	0.001	0.929
0.070	0.790	0.001	0.139
0.929	0.001	0.001	0.069
0.139	0.790	0.001	0.070
0.161	0.070	0.630	0.139
>TCCGCAGTTAAG	17-TCCGCAGTTAAG	10.010891	-68.940703	0	T:46.0(1.59%),B:69.7(0.16%),P:1e-29	Tpos:34.6,Tstd:16.2,Bpos:17.3,Bstd:2.4,StrandBias:-0.8,Multiplicity:1.00
0.039	0.001	0.001	0.959
0.001	0.780	0.130	0.089
0.001	0.703	0.001	0.295
0.001	0.001	0.997	0.001
0.001	0.997	0.001	0.001
0.997	0.001	0.001	0.001
0.001	0.089	0.909	0.001
0.001	0.001	0.001	0.997
0.001	0.001	0.001	0.997
0.997	0.001	0.001	0.001
0.997	0.001	0.001	0.001
0.001	0.001	0.997	0.001
>CTATYTGGGCTT	18-CTATYTGGGCTT	12.815434	-68.193816	0	T:29.0(1.00%),B:18.2(0.04%),P:1e-29	Tpos:20.3,Tstd:15.7,Bpos:42.6,Bstd:15.5,StrandBias:2.3,Multiplicity:1.00
0.001	0.782	0.001	0.216
0.001	0.001	0.001	0.997
0.922	0.076	0.001	0.001
0.001	0.001	0.001	0.997
0.001	0.486	0.001	0.512
0.001	0.001	0.001	0.997
0.057	0.001	0.941	0.001
0.216	0.001	0.782	0.001
0.001	0.001	0.997	0.001
0.001	0.997	0.001	0.001
0.001	0.001	0.001	0.997
0.001	0.001	0.001	0.997
>CTTTGGCTTTGT	19-CTTTGGCTTTGT	12.355432	-63.609496	0	T:16.0(0.55%),B:2.4(0.01%),P:1e-27	Tpos:35.2,Tstd:14.7,Bpos:25.0,Bstd:14.3,StrandBias:-0.4,Multiplicity:1.00
0.100	0.700	0.100	0.100
0.100	0.100	0.100	0.700
0.100	0.100	0.100	0.700
0.100	0.100	0.100	0.700
0.100	0.100	0.700	0.100
0.100	0.100	0.700	0.100
0.100	0.700	0.100	0.100
0.100	0.100	0.100	0.700
0.100	0.100	0.100	0.700
0.100	0.100	0.100	0.700
0.100	0.100	0.700	0.100
0.100	0.100	0.100	0.700
>TCTCNCCTAAGC	20-TCTCNCCTAAGC	11.304500	-58.229267	0	T:43.0(1.49%),B:76.4(0.17%),P:1e-25	Tpos:41.7,Tstd:12.8,Bpos:29.1,Bstd:6.5,StrandBias:1.4,Multiplicity:1.00
0.001	0.001	0.001	0.997
0.001	0.997	0.001	0.001
0.001	0.001	0.001	0.997
0.001	0.997	0.001	0.001
0.229	0.229	0.312	0.229
0.229	0.507	0.229	0.035
0.229	0.735	0.001	0.035
0.001	0.079	0.001	0.919
0.997	0.001	0.001	0.001
0.735	0.035	0.001	0.229
0.001	0.001	0.990	0.008
0.035	0.735	0.001	0.229
>TYCCKGGAGGTC	21-TYCCKGGAGGTC	11.545167	-52.414108	0	T:24.0(0.83%),B:18.0(0.04%),P:1e-22	Tpos:21.5,Tstd:9.6,Bpos:50.3,Bstd:5.6,StrandBias:1.0,Multiplicity:1.00
0.001	0.001	0.001	0.997
0.001	0.463	0.001	0.535
0.001	0.997	0.001	0.001
0.001	0.997	0.001	0.001
0.076	0.001	0.463	0.460
0.075	0.001	0.923	0.001
0.001	0.001	0.997	0.001
0.997	0.001	0.001	0.001
0.250	0.001	0.748	0.001
0.001	0.001	0.997	0.001
0.001	0.037	0.001	0.961
0.001	0.997	0.001	0.001
>CTCGTCCAGGTG	22-CTCGTCCAGGTG	11.696124	-48.852756	0	T:18.0(0.62%),B:8.7(0.02%),P:1e-21	Tpos:32.1,Tstd:18.6,Bpos:42.0,Bstd:21.2,StrandBias:0.5,Multiplicity:1.22
0.001	0.997	0.001	0.001
0.228	0.001	0.001	0.770
0.001	0.997	0.001	0.001
0.001	0.001	0.997	0.001
0.311	0.001	0.001	0.687
0.001	0.997	0.001	0.001
0.001	0.770	0.001	0.228
0.531	0.001	0.229	0.239
0.001	0.001	0.938	0.060
0.001	0.228	0.770	0.001
0.001	0.001	0.311	0.687
0.001	0.001	0.770	0.228
>AGAGAGAGAGAR	23-AGAGAGAGAGAR	8.421757	-32.079735	0	T:165.0(5.71%),B:1339.4(2.99%),P:1e-13	Tpos:33.2,Tstd:15.2,Bpos:32.1,Bstd:16.3,StrandBias:0.4,Multiplicity:1.06
0.839	0.010	0.095	0.056
0.111	0.089	0.665	0.135
0.946	0.010	0.025	0.019
0.126	0.121	0.689	0.064
0.942	0.001	0.038	0.019
0.111	0.087	0.801	0.001
0.953	0.010	0.010	0.027
0.252	0.024	0.649	0.075
0.878	0.010	0.096	0.016
0.333	0.061	0.577	0.029
0.738	0.062	0.141	0.059
0.473	0.085	0.328	0.115
>CTCTGAACCCTA	24-CTCTGAACCCTA	13.922665	-11.743072	0	T:6.0(0.21%),B:7.1(0.02%),P:1e-5	Tpos:32.2,Tstd:15.7,Bpos:23.5,Bstd:16.5,StrandBias:1.8,Multiplicity:6.67
0.001	0.997	0.001	0.001
0.001	0.265	0.001	0.733
0.001	0.997	0.001	0.001
0.001	0.001	0.001	0.997
0.258	0.001	0.740	0.001
0.997	0.001	0.001	0.001
0.997	0.001	0.001	0.001
0.001	0.997	0.001	0.001
0.001	0.997	0.001	0.001
0.001	0.997	0.001	0.001
0.001	0.001	0.001	0.997
0.997	0.001	0.001	0.001
>TTTTTTTTTTTT	25-TTTTTTTTTTTT	12.355432	-8.854635	0	T:42.0(1.45%),B:349.1(0.78%),P:1e-3	Tpos:30.2,Tstd:12.9,Bpos:35.0,Bstd:24.7,StrandBias:-0.5,Multiplicity:1.02
0.100	0.100	0.100	0.700
0.100	0.100	0.100	0.700
0.100	0.100	0.100	0.700
0.100	0.100	0.100	0.700
0.100	0.100	0.100	0.700
0.100	0.100	0.100	0.700
0.100	0.100	0.100	0.700
0.100	0.100	0.100	0.700
0.100	0.100	0.100	0.700
0.100	0.100	0.100	0.700
0.100	0.100	0.100	0.700
0.100	0.100	0.100	0.700
>AGTCATAT	1-AGTCATAT	8.236954	-123.904647	0	T:70.0(2.42%),B:77.5(0.17%),P:1e-53	Tpos:33.3,Tstd:15.6,Bpos:30.0,Bstd:18.8,StrandBias:-0.9,Multiplicity:1.00
0.700	0.100	0.100	0.100
0.100	0.100	0.700	0.100
0.100	0.100	0.100	0.700
0.100	0.700	0.100	0.100
0.700	0.100	0.100	0.100
0.100	0.100	0.100	0.700
0.700	0.100	0.100	0.100
0.100	0.100	0.100	0.700
>TCATACAC	2-TCATACAC	8.236954	-104.394733	0	T:64.0(2.21%),B:82.8(0.18%),P:1e-45	Tpos:35.3,Tstd:17.2,Bpos:36.2,Bstd:16.8,StrandBias:-1.1,Multiplicity:1.00
0.100	0.100	0.100	0.700
0.100	0.700	0.100	0.100
0.700	0.100	0.100	0.100
0.100	0.100	0.100	0.700
0.700	0.100	0.100	0.100
0.100	0.700	0.100	0.100
0.700	0.100	0.100	0.100
0.100	0.700	0.100	0.100
>TCRCRTSC	3-TCRCRTSC	8.284570	-94.704667	0	T:95.0(3.29%),B:247.1(0.55%),P:1e-41	Tpos:30.3,Tstd:14.9,Bpos:30.4,Bstd:20.4,StrandBias:1.2,Multiplicity:1.00
0.001	0.289	0.069	0.641
0.001	0.997	0.001	0.001
0.493	0.001	0.505	0.001
0.001	0.997	0.001	0.001
0.529	0.001	0.469	0.001
0.001	0.001	0.001	0.997
0.001	0.435	0.563	0.001
0.179	0.819	0.001	0.001
>ACACTAAC	4-ACACTAAC	9.297365	-91.114808	0	T:75.0(2.59%),B:152.8(0.34%),P:1e-39	Tpos:25.9,Tstd:16.2,Bpos:31.9,Bstd:20.0,StrandBias:-2.0,Multiplicity:1.00
0.997	0.001	0.001	0.001
0.001	0.828	0.001	0.170
0.997	0.001	0.001	0.001
0.001	0.997	0.001	0.001
0.001	0.001	0.001	0.997
0.997	0.001	0.001	0.001
0.997	0.001	0.001	0.001
0.001	0.997	0.001	0.001
>TTGGGSCC	5-TTGGGSCC	3.942572	-81.169238	0	T:768.0(26.57%),B:7739.9(17.26%),P:1e-35	Tpos:31.6,Tstd:16.9,Bpos:31.9,Bstd:21.7,StrandBias:0.2,Multiplicity:1.19
0.202	0.067	0.254	0.476
0.078	0.064	0.256	0.602
0.074	0.127	0.500	0.299
0.192	0.011	0.728	0.069
0.158	0.124	0.648	0.070
0.158	0.377	0.317	0.148
0.045	0.651	0.035	0.269
0.105	0.686	0.035	0.174
>GCCACGTG	6-GCCACGTG	6.057018	-77.265808	0	T:213.0(7.37%),B:1284.3(2.86%),P:1e-33	Tpos:32.5,Tstd:17.5,Bpos:31.6,Bstd:23.1,StrandBias:0.0,Multiplicity:1.05
0.245	0.065	0.545	0.145
0.126	0.785	0.001	0.088
0.050	0.948	0.001	0.001
0.988	0.010	0.001	0.001
0.001	0.927	0.020	0.052
0.001	0.001	0.997	0.001
0.001	0.001	0.001	0.997
0.051	0.001	0.922	0.026
>TGAGTATA	7-TGAGTATA	8.236954	-75.327345	0	T:51.0(1.76%),B:78.5(0.18%),P:1e-32	Tpos:35.6,Tstd:16.4,Bpos:35.6,Bstd:17.8,StrandBias:1.3,Multiplicity:1.00
0.100	0.100	0.100	0.700
0.100	0.100	0.700	0.100
0.700	0.100	0.100	0.100
0.100	0.100	0.700	0.100
0.100	0.100	0.100	0.700
0.700	0.100	0.100	0.100
0.100	0.100	0.100	0.700
0.700	0.100	0.100	0.100
>CWTTTAAG	8-CWTTTAAG	8.342109	-75.007368	0	T:136.0(4.70%),B:621.1(1.38%),P:1e-32	Tpos:34.6,Tstd:17.1,Bpos:31.2,Bstd:19.2,StrandBias:-0.5,Multiplicity:1.01
0.001	0.997	0.001	0.001
0.506	0.001	0.001	0.492
0.001	0.001	0.316	0.682
0.001	0.097	0.058	0.844
0.001	0.001	0.001	0.997
0.902	0.096	0.001	0.001
0.614	0.001	0.058	0.327
0.001	0.136	0.862	0.001
>AAAAARGG	9-AAAAARGG	5.940578	-74.994344	0	T:553.0(19.13%),B:5133.5(11.45%),P:1e-32	Tpos:32.3,Tstd:17.5,Bpos:32.2,Bstd:20.7,StrandBias:0.2,Multiplicity:1.06
0.711	0.012	0.042	0.235
0.921	0.004	0.013	0.062
0.693	0.001	0.052	0.254
0.659	0.006	0.084	0.251
0.536	0.066	0.090	0.308
0.351	0.012	0.491	0.146
0.038	0.011	0.931	0.020
0.266	0.003	0.699	0.032
>ATGCAATC	10-ATGCAATC	8.019644	-61.560744	0	T:110.0(3.80%),B:498.2(1.11%),P:1e-26	Tpos:33.4,Tstd:14.8,Bpos:32.1,Bstd:16.9,StrandBias:0.3,Multiplicity:1.19
0.997	0.001	0.001	0.001
0.001	0.001	0.042	0.956
0.001	0.001	0.997	0.001
0.295	0.703	0.001	0.001
0.447	0.295	0.257	0.001
0.766	0.001	0.232	0.001
0.001	0.001	0.042	0.956
0.001	0.766	0.232	0.001
>CCAGCACT	11-CCAGCACT	8.236954	-57.827907	0	T:30.0(1.04%),B:29.9(0.07%),P:1e-25	Tpos:32.3,Tstd:20.5,Bpos:36.3,Bstd:21.6,StrandBias:-0.4,Multiplicity:1.00
0.100	0.700	0.100	0.100
0.100	0.700	0.100	0.100
0.700	0.100	0.100	0.100
0.100	0.100	0.700	0.100
0.100	0.700	0.100	0.100
0.700	0.100	0.100	0.100
0.100	0.700	0.100	0.100
0.100	0.100	0.100	0.700
>CCTAAGTA	12-CCTAAGTA	8.236954	-56.025478	0	T:31.0(1.07%),B:34.9(0.08%),P:1e-24	Tpos:39.5,Tstd:16.4,Bpos:35.7,Bstd:17.6,StrandBias:0.7,Multiplicity:1.00
0.100	0.700	0.100	0.100
0.100	0.700	0.100	0.100
0.100	0.100	0.100	0.700
0.700	0.100	0.100	0.100
0.700	0.100	0.100	0.100
0.100	0.100	0.700	0.100
0.100	0.100	0.100	0.700
0.700	0.100	0.100	0.100
>TCRCSCDW	13-TCRCSCDW	5.191906	-45.164780	0	T:58.0(2.01%),B:200.5(0.45%),P:1e-19	Tpos:36.4,Tstd:17.3,Bpos:29.8,Bstd:15.2,StrandBias:1.0,Multiplicity:1.00
0.105	0.114	0.259	0.522
0.134	0.568	0.253	0.045
0.424	0.012	0.563	0.001
0.136	0.549	0.206	0.109
0.009	0.410	0.369	0.212
0.001	0.583	0.001	0.415
0.362	0.001	0.358	0.279
0.346	0.130	0.117	0.406
>CCGAAAAG	14-CCGAAAAG	7.585650	-43.836547	0	T:63.0(2.18%),B:241.8(0.54%),P:1e-19	Tpos:28.4,Tstd:14.6,Bpos:34.6,Bstd:18.5,StrandBias:0.7,Multiplicity:1.02
0.001	0.997	0.001	0.001
0.001	0.997	0.001	0.001
0.001	0.001	0.997	0.001
0.997	0.001	0.001	0.001
0.909	0.089	0.001	0.001
0.959	0.001	0.001	0.039
0.963	0.001	0.035	0.001
0.001	0.001	0.997	0.001
>CTTCTWRC	15-CTTCTWRC	8.495843	-42.138375	0	T:72.0(2.49%),B:318.3(0.71%),P:1e-18	Tpos:29.2,Tstd:18.0,Bpos:31.5,Bstd:17.0,StrandBias:-0.6,Multiplicity:1.00
0.001	0.912	0.086	0.001
0.122	0.001	0.001	0.876
0.001	0.001	0.206	0.792
0.001	0.880	0.001	0.118
0.001	0.001	0.121	0.877
0.349	0.208	0.001	0.442
0.554	0.001	0.442	0.003
0.207	0.791	0.001	0.001
>CTCTCTCT	16-CTCTCTCT	7.213339	-40.124717	0	T:210.0(7.26%),B:1712.7(3.82%),P:1e-17	Tpos:32.1,Tstd:16.3,Bpos:32.4,Bstd:17.1,StrandBias:-0.5,Multiplicity:1.09
0.001	0.905	0.001	0.093
0.001	0.032	0.001	0.966
0.001	0.997	0.001	0.001
0.001	0.001	0.001	0.997
0.001	0.925	0.073	0.001
0.001	0.001	0.001	0.997
0.052	0.823	0.001	0.124
0.050	0.001	0.001	0.948
>KAGTASTA	17-KAGTASTA	7.454820	-38.090228	0	T:93.0(3.22%),B:527.0(1.18%),P:1e-16	Tpos:34.9,Tstd:15.6,Bpos:34.2,Bstd:17.3,StrandBias:-0.1,Multiplicity:1.01
0.093	0.034	0.504	0.369
0.699	0.001	0.028	0.272
0.092	0.001	0.906	0.001
0.155	0.033	0.001	0.811
0.965	0.001	0.033	0.001
0.028	0.526	0.445	0.001
0.001	0.155	0.114	0.730
0.965	0.033	0.001	0.001
>CAGAACTC	18-CAGAACTC	8.236954	-36.745264	0	T:38.0(1.31%),B:106.5(0.24%),P:1e-15	Tpos:30.5,Tstd:13.6,Bpos:19.4,Bstd:13.8,StrandBias:0.2,Multiplicity:1.03
0.100	0.700	0.100	0.100
0.700	0.100	0.100	0.100
0.100	0.100	0.700	0.100
0.700	0.100	0.100	0.100
0.700	0.100	0.100	0.100
0.100	0.700	0.100	0.100
0.100	0.100	0.100	0.700
0.100	0.700	0.100	0.100
>GGTCGAGT	19-GGTCGAGT	8.236954	-34.515276	0	T:32.0(1.11%),B:79.6(0.18%),P:1e-14	Tpos:32.3,Tstd:17.5,Bpos:31.2,Bstd:21.5,StrandBias:0.2,Multiplicity:1.83
0.100	0.100	0.700	0.100
0.100	0.100	0.700	0.100
0.100	0.100	0.100	0.700
0.100	0.700	0.100	0.100
0.100	0.100	0.700	0.100
0.700	0.100	0.100	0.100
0.100	0.100	0.700	0.100
0.100	0.100	0.100	0.700
>GGTCGAAA	20-GGTCGAAA	5.646176	-34.127786	0	T:60.0(2.08%),B:273.1(0.61%),P:1e-14	Tpos:41.4,Tstd:17.1,Bpos:28.5,Bstd:20.9,StrandBias:1.2,Multiplicity:1.00
0.001	0.001	0.997	0.001
0.001	0.001	0.997	0.001
0.001	0.001	0.001	0.997
0.001	0.997	0.001	0.001
0.001	0.001	0.723	0.275
0.997	0.001	0.001	0.001
0.982	0.016	0.001	0.001
0.997	0.001	0.001	0.001
>AATGCACC	21-AATGCACC	8.825006	-31.957727	0	T:36.0(1.25%),B:111.0(0.25%),P:1e-13	Tpos:31.6,Tstd:13.6,Bpos:32.1,Bstd:17.7,StrandBias:-0.3,Multiplicity:1.00
0.997	0.001	0.001	0.001
0.892	0.106	0.001	0.001
0.001	0.001	0.001	0.997
0.001	0.001	0.997	0.001
0.001	0.997	0.001	0.001
0.997	0.001	0.001	0.001
0.001	0.997	0.001	0.001
0.001	0.997	0.001	0.001
>CATACGGA	22-CATACGGA	8.236954	-21.500027	0	T:16.0(0.55%),B:31.3(0.07%),P:1e-9	Tpos:30.2,Tstd:18.5,Bpos:34.1,Bstd:19.0,StrandBias:1.1,Multiplicity:1.00
0.100	0.700	0.100	0.100
0.700	0.100	0.100	0.100
0.100	0.100	0.100	0.700
0.700	0.100	0.100	0.100
0.100	0.700	0.100	0.100
0.100	0.100	0.700	0.100
0.100	0.100	0.700	0.100
0.700	0.100	0.100	0.100
>GGTTTAGG	23-GGTTTAGG	9.729912	-20.015220	0	T:49.0(1.69%),B:286.0(0.64%),P:1e-8	Tpos:32.4,Tstd:15.0,Bpos:31.1,Bstd:20.6,StrandBias:-1.1,Multiplicity:1.67
0.001	0.001	0.997	0.001
0.001	0.001	0.997	0.001
0.001	0.001	0.001	0.997
0.001	0.001	0.001	0.997
0.001	0.001	0.001	0.997
0.997	0.001	0.001	0.001
0.262	0.001	0.736	0.001
0.001	0.001	0.997	0.001
>CTTTGGCT	24-CTTTGGCT	8.236954	-8.051715	0	T:26.0(0.90%),B:187.8(0.42%),P:1e-3	Tpos:34.3,Tstd:16.5,Bpos:33.1,Bstd:17.8,StrandBias:-0.1,Multiplicity:1.21
0.100	0.700	0.100	0.100
0.100	0.100	0.100	0.700
0.100	0.100	0.100	0.700
0.100	0.100	0.100	0.700
0.100	0.100	0.700	0.100
0.100	0.100	0.700	0.100
0.100	0.700	0.100	0.100
0.100	0.100	0.100	0.700
>TTTTTTTT	25-TTTTTTTT	6.291044	-1.238154	0	T:611.0(21.13%),B:9284.2(20.70%),P:1e0	Tpos:32.0,Tstd:16.4,Bpos:32.2,Bstd:22.8,StrandBias:-0.1,Multiplicity:1.16
0.100	0.100	0.100	0.700
0.100	0.100	0.100	0.700
0.100	0.100	0.100	0.700
0.100	0.100	0.100	0.700
0.100	0.100	0.100	0.700
0.100	0.100	0.100	0.700
0.100	0.100	0.100	0.700
0.100	0.100	0.100	0.700
