>CCATTTWTGG	1-CCATTTWTGG	7.385400	-141.262871	0	T:172.0(10.57%),B:1045.4(2.23%),P:1e-61	Tpos:33.7,Tstd:15.3,Bpos:32.1,Bstd:18.6,StrandBias:-0.2,Multiplicity:1.05
0.037	0.917	0.001	0.045
0.001	0.759	0.001	0.239
0.679	0.001	0.001	0.319
0.001	0.182	0.108	0.709
0.218	0.001	0.001	0.780
0.057	0.001	0.001	0.941
0.409	0.139	0.001	0.451
0.315	0.001	0.001	0.683
0.255	0.036	0.671	0.038
0.001	0.001	0.829	0.169
>YACTCRAYCA	2-YACTCRAYCA	7.067079	-99.459844	0	T:45.0(2.76%),B:59.6(0.13%),P:1e-43	Tpos:33.7,Tstd:14.1,Bpos:31.6,Bstd:19.0,StrandBias:0.9,Multiplicity:1.09
0.160	0.377	0.138	0.326
0.637	0.092	0.100	0.171
0.077	0.612	0.094	0.217
0.133	0.159	0.095	0.613
0.098	0.794	0.097	0.011
0.334	0.066	0.434	0.167
0.546	0.141	0.153	0.160
0.028	0.450	0.158	0.364
0.170	0.557	0.182	0.091
0.489	0.172	0.178	0.162
>GGTCGAGTAA	3-GGTCGAGTAA	10.552849	-64.964032	0	T:22.0(1.35%),B:14.7(0.03%),P:1e-28	Tpos:36.0,Tstd:15.8,Bpos:26.8,Bstd:14.9,StrandBias:0.2,Multiplicity:1.14
0.001	0.001	0.997	0.001
0.001	0.001	0.997	0.001
0.001	0.001	0.001	0.997
0.001	0.997	0.001	0.001
0.001	0.001	0.997	0.001
0.959	0.039	0.001	0.001
0.001	0.001	0.997	0.001
0.001	0.001	0.001	0.997
0.997	0.001	0.001	0.001
0.959	0.039	0.001	0.001
>GAGTCGAATA	4-GAGTCGAATA	10.118125	-57.351803	0	T:13.0(0.80%),B:2.8(0.01%),P:1e-24	Tpos:39.5,Tstd:14.5,Bpos:18.0,Bstd:15.2,StrandBias:-1.7,Multiplicity:1.00
0.023	0.294	0.682	0.001
0.557	0.070	0.276	0.097
0.228	0.214	0.535	0.023
0.047	0.117	0.047	0.789
0.047	0.905	0.047	0.001
0.023	0.261	0.715	0.001
0.609	0.073	0.047	0.271
0.703	0.203	0.047	0.047
0.370	0.070	0.001	0.559
0.952	0.001	0.046	0.001
>STTTAAGTWC	5-STTTAAGTWC	8.454084	-56.614503	0	T:27.0(1.66%),B:41.9(0.09%),P:1e-24	Tpos:24.2,Tstd:12.9,Bpos:36.1,Bstd:18.4,StrandBias:0.5,Multiplicity:1.00
0.058	0.513	0.416	0.013
0.117	0.171	0.027	0.685
0.040	0.179	0.218	0.563
0.191	0.214	0.032	0.563
0.666	0.281	0.032	0.021
0.743	0.042	0.184	0.031
0.026	0.056	0.907	0.011
0.270	0.027	0.193	0.510
0.347	0.193	0.016	0.444
0.037	0.747	0.177	0.039
>AAWVGGAAAG	6-AAWVGGAAAG	7.659096	-50.168933	0	T:132.0(8.11%),B:1459.9(3.11%),P:1e-21	Tpos:36.5,Tstd:16.1,Bpos:32.5,Bstd:17.9,StrandBias:0.6,Multiplicity:1.10
0.864	0.001	0.134	0.001
0.671	0.001	0.001	0.327
0.551	0.001	0.001	0.447
0.326	0.281	0.337	0.055
0.001	0.045	0.953	0.001
0.089	0.206	0.704	0.001
0.997	0.001	0.001	0.001
0.883	0.001	0.074	0.042
0.921	0.001	0.001	0.077
0.164	0.161	0.509	0.166
>ACTAACGGAT	7-ACTAACGGAT	10.793302	-45.553424	0	T:18.0(1.11%),B:18.6(0.04%),P:1e-19	Tpos:18.8,Tstd:10.3,Bpos:35.3,Bstd:14.7,StrandBias:-2.3,Multiplicity:1.00
0.997	0.001	0.001	0.001
0.001	0.997	0.001	0.001
0.001	0.001	0.001	0.997
0.997	0.001	0.001	0.001
0.997	0.001	0.001	0.001
0.001	0.997	0.001	0.001
0.001	0.069	0.929	0.001
0.001	0.001	0.794	0.204
0.929	0.001	0.001	0.069
0.001	0.069	0.001	0.929
>ATCGTATATA	8-ATCGTATATA	11.322596	-45.157897	0	T:16.0(0.98%),B:12.5(0.03%),P:1e-19	Tpos:38.8,Tstd:8.9,Bpos:17.7,Bstd:17.7,StrandBias:2.8,Multiplicity:1.00
0.997	0.001	0.001	0.001
0.001	0.001	0.001	0.997
0.001	0.997	0.001	0.001
0.001	0.001	0.997	0.001
0.001	0.001	0.001	0.997
0.997	0.001	0.001	0.001
0.001	0.001	0.001	0.997
0.997	0.001	0.001	0.001
0.001	0.081	0.001	0.917
0.997	0.001	0.001	0.001
>ATATGCAATG	9-ATATGCAATG	10.296193	-42.771210	0	T:15.0(0.92%),B:12.0(0.03%),P:1e-18	Tpos:26.8,Tstd:9.2,Bpos:20.9,Bstd:5.7,StrandBias:3.8,Multiplicity:1.00
0.700	0.100	0.100	0.100
0.100	0.100	0.100	0.700
0.700	0.100	0.100	0.100
0.100	0.100	0.100	0.700
0.100	0.100	0.700	0.100
0.100	0.700	0.100	0.100
0.700	0.100	0.100	0.100
0.700	0.100	0.100	0.100
0.100	0.100	0.100	0.700
0.100	0.100	0.700	0.100
>CAMGACRCTA	10-CAMGACRCTA	10.530137	-37.242888	0	T:16.0(0.98%),B:20.1(0.04%),P:1e-16	Tpos:38.4,Tstd:16.7,Bpos:34.5,Bstd:18.5,StrandBias:1.1,Multiplicity:1.00
0.001	0.997	0.001	0.001
0.997	0.001	0.001	0.001
0.563	0.435	0.001	0.001
0.115	0.001	0.883	0.001
0.997	0.001	0.001	0.001
0.001	0.997	0.001	0.001
0.563	0.001	0.435	0.001
0.001	0.997	0.001	0.001
0.001	0.001	0.001	0.997
0.997	0.001	0.001	0.001
>STSCACGTGH	11-STSCACGTGH	7.619477	-36.410548	0	T:64.0(3.93%),B:543.2(1.16%),P:1e-15	Tpos:33.4,Tstd:16.9,Bpos:30.9,Bstd:21.0,StrandBias:-0.8,Multiplicity:1.06
0.212	0.364	0.296	0.127
0.001	0.001	0.229	0.769
0.147	0.287	0.365	0.201
0.001	0.844	0.001	0.154
0.634	0.001	0.001	0.364
0.001	0.997	0.001	0.001
0.001	0.302	0.696	0.001
0.162	0.001	0.001	0.836
0.001	0.001	0.997	0.001
0.351	0.275	0.149	0.224
>ATACCCGAAA	12-ATACCCGAAA	11.128897	-35.665822	0	T:12.0(0.74%),B:8.9(0.02%),P:1e-15	Tpos:23.7,Tstd:17.2,Bpos:38.0,Bstd:13.9,StrandBias:3.5,Multiplicity:1.00
0.997	0.001	0.001	0.001
0.001	0.001	0.083	0.915
0.894	0.001	0.104	0.001
0.001	0.997	0.001	0.001
0.001	0.997	0.001	0.001
0.001	0.997	0.001	0.001
0.001	0.001	0.997	0.001
0.894	0.104	0.001	0.001
0.997	0.001	0.001	0.001
0.997	0.001	0.001	0.001
>CCTGATAGAG	13-CCTGATAGAG	9.488038	-31.939564	0	T:12.0(0.74%),B:11.7(0.02%),P:1e-13	Tpos:30.7,Tstd:15.4,Bpos:35.9,Bstd:11.3,StrandBias:0.0,Multiplicity:1.00
0.001	0.997	0.001	0.001
0.001	0.770	0.228	0.001
0.001	0.001	0.001	0.997
0.001	0.001	0.997	0.001
0.841	0.001	0.157	0.001
0.001	0.001	0.001	0.997
0.997	0.001	0.001	0.001
0.001	0.001	0.997	0.001
0.955	0.001	0.043	0.001
0.070	0.001	0.928	0.001
>TCTTTTTTGA	14-TCTTTTTTGA	10.721549	-31.481599	0	T:18.0(1.11%),B:41.4(0.09%),P:1e-13	Tpos:46.4,Tstd:11.6,Bpos:28.3,Bstd:15.0,StrandBias:1.4,Multiplicity:1.00
0.001	0.001	0.001	0.997
0.001	0.997	0.001	0.001
0.056	0.001	0.001	0.942
0.001	0.001	0.001	0.997
0.001	0.001	0.001	0.997
0.001	0.001	0.001	0.997
0.047	0.001	0.001	0.951
0.001	0.001	0.001	0.997
0.001	0.001	0.997	0.001
0.997	0.001	0.001	0.001
>ACATGAMGTC	15-ACATGAMGTC	9.770276	-30.653475	0	T:23.0(1.41%),B:81.3(0.17%),P:1e-13	Tpos:36.7,Tstd:14.0,Bpos:29.5,Bstd:17.4,StrandBias:2.5,Multiplicity:1.43
0.997	0.001	0.001	0.001
0.026	0.929	0.012	0.033
0.708	0.026	0.026	0.240
0.028	0.044	0.001	0.927
0.001	0.275	0.698	0.026
0.943	0.026	0.019	0.012
0.303	0.366	0.120	0.211
0.381	0.001	0.617	0.001
0.001	0.062	0.001	0.936
0.001	0.975	0.023	0.001
>GTGGTGAGTG	16-GTGGTGAGTG	11.512848	-29.998345	0	T:12.0(0.74%),B:13.4(0.03%),P:1e-13	Tpos:29.1,Tstd:17.2,Bpos:39.9,Bstd:17.8,StrandBias:1.6,Multiplicity:1.00
0.001	0.001	0.997	0.001
0.001	0.001	0.110	0.888
0.001	0.001	0.997	0.001
0.001	0.001	0.997	0.001
0.001	0.001	0.001	0.997
0.001	0.110	0.888	0.001
0.997	0.001	0.001	0.001
0.001	0.001	0.997	0.001
0.001	0.001	0.001	0.997
0.001	0.001	0.997	0.001
>CCCKRGAYGT	17-CCCKRGAYGT	10.047884	-29.147510	0	T:14.0(0.86%),B:23.3(0.05%),P:1e-12	Tpos:29.1,Tstd:13.7,Bpos:34.9,Bstd:15.8,StrandBias:10.0,Multiplicity:1.00
0.001	0.997	0.001	0.001
0.001	0.997	0.001	0.001
0.001	0.997	0.001	0.001
0.001	0.001	0.563	0.435
0.435	0.001	0.563	0.001
0.001	0.001	0.997	0.001
0.997	0.001	0.001	0.001
0.058	0.435	0.071	0.435
0.001	0.001	0.997	0.001
0.001	0.001	0.001	0.997
>TGATAGAACA	18-TGATAGAACA	9.436630	-26.036852	0	T:23.0(1.41%),B:102.6(0.22%),P:1e-11	Tpos:33.5,Tstd:18.3,Bpos:30.4,Bstd:16.1,StrandBias:-0.1,Multiplicity:1.00
0.090	0.001	0.001	0.908
0.001	0.001	0.854	0.144
0.762	0.001	0.001	0.236
0.001	0.001	0.001	0.997
0.866	0.132	0.001	0.001
0.001	0.105	0.893	0.001
0.919	0.001	0.001	0.079
0.817	0.001	0.091	0.091
0.001	0.593	0.405	0.001
0.775	0.091	0.133	0.001
>GCTCAGGCCT	19-GCTCAGGCCT	9.453265	-24.811940	0	T:14.0(0.86%),B:33.0(0.07%),P:1e-10	Tpos:34.6,Tstd:16.5,Bpos:35.0,Bstd:16.9,StrandBias:-0.3,Multiplicity:1.21
0.001	0.001	0.997	0.001
0.001	0.997	0.001	0.001
0.189	0.001	0.005	0.805
0.004	0.994	0.001	0.001
0.621	0.001	0.189	0.189
0.001	0.001	0.997	0.001
0.001	0.001	0.997	0.001
0.001	0.997	0.001	0.001
0.001	0.621	0.189	0.189
0.040	0.001	0.001	0.958
>CGACAAAAAG	20-CGACAAAAAG	10.296193	-24.468416	0	T:7.0(0.43%),B:3.0(0.01%),P:1e-10	Tpos:47.3,Tstd:6.3,Bpos:15.5,Bstd:9.8,StrandBias:10.0,Multiplicity:1.00
0.100	0.700	0.100	0.100
0.100	0.100	0.700	0.100
0.700	0.100	0.100	0.100
0.100	0.700	0.100	0.100
0.700	0.100	0.100	0.100
0.700	0.100	0.100	0.100
0.700	0.100	0.100	0.100
0.700	0.100	0.100	0.100
0.700	0.100	0.100	0.100
0.100	0.100	0.700	0.100
>TACTCTCGCG	21-TACTCTCGCG	10.289490	-23.798943	0	T:20.0(1.23%),B:84.1(0.18%),P:1e-10	Tpos:36.4,Tstd:14.5,Bpos:34.7,Bstd:7.0,StrandBias:0.0,Multiplicity:1.00
0.001	0.001	0.119	0.879
0.997	0.001	0.001	0.001
0.001	0.879	0.119	0.001
0.119	0.001	0.001	0.879
0.001	0.879	0.001	0.119
0.001	0.001	0.001	0.997
0.001	0.997	0.001	0.001
0.001	0.001	0.927	0.071
0.001	0.997	0.001	0.001
0.001	0.328	0.670	0.001
>CTCATATGGA	22-CTCATATGGA	10.296193	-22.657395	0	T:6.0(0.37%),B:2.5(0.01%),P:1e-9	Tpos:35.5,Tstd:16.2,Bpos:28.3,Bstd:23.3,StrandBias:0.0,Multiplicity:1.00
0.100	0.700	0.100	0.100
0.100	0.100	0.100	0.700
0.100	0.700	0.100	0.100
0.700	0.100	0.100	0.100
0.100	0.100	0.100	0.700
0.700	0.100	0.100	0.100
0.100	0.100	0.100	0.700
0.100	0.100	0.700	0.100
0.100	0.100	0.700	0.100
0.700	0.100	0.100	0.100
>ACTACTTAGG	23-ACTACTTAGG	11.737342	-22.484811	0	T:7.0(0.43%),B:4.3(0.01%),P:1e-9	Tpos:32.1,Tstd:12.7,Bpos:32.3,Bstd:10.4,StrandBias:0.4,Multiplicity:1.00
0.997	0.001	0.001	0.001
0.001	0.997	0.001	0.001
0.001	0.001	0.001	0.997
0.997	0.001	0.001	0.001
0.001	0.997	0.001	0.001
0.001	0.001	0.001	0.997
0.143	0.001	0.001	0.855
0.997	0.001	0.001	0.001
0.001	0.143	0.855	0.001
0.001	0.001	0.997	0.001
>AAGTTGGGGT	24-AAGTTGGGGT	10.353217	-22.264215	0	T:13.0(0.80%),B:32.4(0.07%),P:1e-9	Tpos:41.9,Tstd:11.1,Bpos:31.2,Bstd:22.6,StrandBias:3.6,Multiplicity:1.00
0.997	0.001	0.001	0.001
0.791	0.207	0.001	0.001
0.001	0.001	0.908	0.090
0.001	0.001	0.344	0.654
0.001	0.001	0.001	0.997
0.001	0.001	0.997	0.001
0.001	0.001	0.997	0.001
0.001	0.001	0.997	0.001
0.001	0.001	0.997	0.001
0.001	0.001	0.344	0.654
>CWCACACACA	25-CWCACACACA	7.946477	-4.967309	0	T:30.0(1.84%),B:527.6(1.12%),P:1e-2	Tpos:33.9,Tstd:16.1,Bpos:32.0,Bstd:21.3,StrandBias:1.1,Multiplicity:1.04
0.001	0.846	0.152	0.001
0.456	0.001	0.001	0.542
0.117	0.790	0.001	0.092
0.997	0.001	0.001	0.001
0.064	0.788	0.001	0.147
0.587	0.337	0.075	0.001
0.001	0.997	0.001	0.001
0.848	0.059	0.092	0.001
0.001	0.976	0.022	0.001
0.759	0.087	0.153	0.001
