>ACTCGACC	1-ACTCGACC	8.236954	-51.842284	0	T:32.0(1.97%),B:80.0(0.17%),P:1e-22	Tpos:34.3,Tstd:16.6,Bpos:30.6,Bstd:20.4,StrandBias:-0.1,Multiplicity:1.97
0.700	0.100	0.100	0.100
0.100	0.700	0.100	0.100
0.100	0.100	0.100	0.700
0.100	0.700	0.100	0.100
0.100	0.100	0.700	0.100
0.700	0.100	0.100	0.100
0.100	0.700	0.100	0.100
0.100	0.700	0.100	0.100
>GTGGGSCC	2-GTGGGSCC	4.908303	-47.963980	0	T:177.0(10.87%),B:2343.5(4.99%),P:1e-20	Tpos:35.4,Tstd:16.9,Bpos:32.1,Bstd:20.7,StrandBias:-0.3,Multiplicity:1.05
0.001	0.120	0.755	0.124
0.171	0.200	0.042	0.587
0.035	0.229	0.668	0.068
0.001	0.182	0.739	0.078
0.132	0.056	0.726	0.086
0.095	0.357	0.485	0.062
0.105	0.756	0.072	0.067
0.069	0.910	0.001	0.020
>AAAAAGGA	3-AAAAAGGA	7.067901	-45.287716	0	T:213.0(13.08%),B:3141.4(6.69%),P:1e-19	Tpos:33.6,Tstd:16.7,Bpos:31.1,Bstd:19.3,StrandBias:-0.1,Multiplicity:1.08
0.612	0.123	0.035	0.230
0.997	0.001	0.001	0.001
0.941	0.001	0.001	0.057
0.791	0.001	0.001	0.207
0.579	0.001	0.117	0.303
0.237	0.001	0.761	0.001
0.140	0.001	0.858	0.001
0.640	0.046	0.313	0.001
>CRCACGTG	4-CRCACGTG	5.075514	-44.794746	0	T:229.0(14.07%),B:3493.9(7.44%),P:1e-19	Tpos:32.6,Tstd:16.9,Bpos:32.3,Bstd:21.1,StrandBias:0.1,Multiplicity:1.11
0.190	0.391	0.226	0.192
0.228	0.191	0.376	0.206
0.001	0.951	0.001	0.047
0.884	0.001	0.114	0.001
0.001	0.904	0.001	0.094
0.342	0.001	0.656	0.001
0.001	0.023	0.001	0.975
0.108	0.001	0.890	0.001
>TGAKTGAG	5-TGAKTGAG	8.378032	-36.106824	0	T:43.0(2.64%),B:260.4(0.55%),P:1e-15	Tpos:28.8,Tstd:12.5,Bpos:32.0,Bstd:15.8,StrandBias:-0.5,Multiplicity:1.02
0.001	0.001	0.001	0.997
0.005	0.080	0.914	0.001
0.688	0.060	0.251	0.001
0.001	0.154	0.473	0.372
0.405	0.001	0.001	0.593
0.001	0.079	0.919	0.001
0.997	0.001	0.001	0.001
0.001	0.001	0.586	0.412
>ATATGACT	6-ATATGACT	8.236954	-32.680692	0	T:25.0(1.54%),B:90.8(0.19%),P:1e-14	Tpos:39.2,Tstd:16.3,Bpos:28.7,Bstd:19.3,StrandBias:-1.1,Multiplicity:1.00
0.700	0.100	0.100	0.100
0.100	0.100	0.100	0.700
0.700	0.100	0.100	0.100
0.100	0.100	0.100	0.700
0.100	0.100	0.700	0.100
0.700	0.100	0.100	0.100
0.100	0.700	0.100	0.100
0.100	0.100	0.100	0.700
>CCTAAAAG	7-CCTAAAAG	6.154690	-31.106484	0	T:146.0(8.97%),B:2148.4(4.58%),P:1e-13	Tpos:32.0,Tstd:16.4,Bpos:32.4,Bstd:19.5,StrandBias:0.0,Multiplicity:1.06
0.001	0.849	0.035	0.115
0.067	0.855	0.001	0.077
0.089	0.091	0.219	0.601
0.997	0.001	0.001	0.001
0.978	0.001	0.020	0.001
0.978	0.014	0.007	0.001
0.949	0.049	0.001	0.001
0.039	0.001	0.890	0.070
>GCAATCGT	8-GCAATCGT	8.236954	-22.985374	0	T:16.0(0.98%),B:52.2(0.11%),P:1e-9	Tpos:35.5,Tstd:8.9,Bpos:24.4,Bstd:17.7,StrandBias:3.9,Multiplicity:1.00
0.100	0.100	0.700	0.100
0.100	0.700	0.100	0.100
0.700	0.100	0.100	0.100
0.700	0.100	0.100	0.100
0.100	0.100	0.100	0.700
0.100	0.700	0.100	0.100
0.100	0.100	0.700	0.100
0.100	0.100	0.100	0.700
>TACKAHCG	9-TACKAHCG	6.804401	-22.858881	0	T:19.0(1.17%),B:79.5(0.17%),P:1e-9	Tpos:21.5,Tstd:10.8,Bpos:31.3,Bstd:19.7,StrandBias:-2.4,Multiplicity:1.00
0.028	0.139	0.015	0.818
0.651	0.058	0.246	0.045
0.198	0.525	0.137	0.140
0.224	0.030	0.342	0.404
0.686	0.108	0.094	0.112
0.341	0.248	0.069	0.342
0.113	0.666	0.005	0.216
0.028	0.014	0.782	0.176
>TAAACCGC	10-TAAACCGC	8.236954	-21.046405	0	T:15.0(0.92%),B:51.9(0.11%),P:1e-9	Tpos:24.5,Tstd:17.0,Bpos:30.1,Bstd:18.5,StrandBias:-1.5,Multiplicity:1.00
0.100	0.100	0.100	0.700
0.700	0.100	0.100	0.100
0.700	0.100	0.100	0.100
0.700	0.100	0.100	0.100
0.100	0.700	0.100	0.100
0.100	0.700	0.100	0.100
0.100	0.100	0.700	0.100
0.100	0.700	0.100	0.100
>TAAGTACT	11-TAAGTACT	7.396915	-20.925931	0	T:56.0(3.44%),B:638.5(1.36%),P:1e-9	Tpos:26.1,Tstd:15.1,Bpos:32.4,Bstd:19.4,StrandBias:-0.2,Multiplicity:1.02
0.193	0.001	0.001	0.805
0.715	0.001	0.111	0.173
0.834	0.001	0.001	0.164
0.001	0.001	0.997	0.001
0.213	0.001	0.001	0.785
0.856	0.001	0.123	0.020
0.001	0.805	0.193	0.001
0.212	0.001	0.118	0.669
>GCCTTTGC	12-GCCTTTGC	5.972457	-20.747441	0	T:37.0(2.27%),B:326.8(0.70%),P:1e-9	Tpos:34.8,Tstd:16.7,Bpos:33.6,Bstd:17.9,StrandBias:-0.3,Multiplicity:1.14
0.042	0.001	0.956	0.001
0.001	0.997	0.001	0.001
0.001	0.997	0.001	0.001
0.001	0.001	0.001	0.997
0.001	0.001	0.163	0.835
0.110	0.001	0.001	0.888
0.001	0.001	0.997	0.001
0.001	0.997	0.001	0.001
>CCCGGGAG	13-CCCGGGAG	8.967646	-17.986146	0	T:21.0(1.29%),B:132.0(0.28%),P:1e-7	Tpos:28.5,Tstd:15.7,Bpos:33.3,Bstd:19.4,StrandBias:0.2,Multiplicity:1.10
0.001	0.997	0.001	0.001
0.169	0.628	0.001	0.202
0.001	0.997	0.001	0.001
0.001	0.001	0.997	0.001
0.001	0.025	0.973	0.001
0.001	0.001	0.997	0.001
0.997	0.001	0.001	0.001
0.259	0.001	0.739	0.001
>GGAGCCGA	14-GGAGCCGA	7.175606	-15.857865	0	T:38.0(2.33%),B:413.9(0.88%),P:1e-6	Tpos:33.4,Tstd:16.3,Bpos:31.3,Bstd:19.0,StrandBias:-0.5,Multiplicity:1.03
0.296	0.124	0.579	0.001
0.001	0.142	0.856	0.001
0.789	0.001	0.001	0.209
0.001	0.065	0.933	0.001
0.001	0.887	0.001	0.111
0.001	0.890	0.108	0.001
0.001	0.001	0.997	0.001
0.997	0.001	0.001	0.001
>AACGTGGT	15-AACGTGGT	8.584917	-15.438672	0	T:21.0(1.29%),B:153.7(0.33%),P:1e-6	Tpos:35.4,Tstd:16.9,Bpos:31.7,Bstd:20.9,StrandBias:-0.1,Multiplicity:1.00
0.875	0.001	0.001	0.123
0.997	0.001	0.001	0.001
0.001	0.997	0.001	0.001
0.001	0.001	0.997	0.001
0.001	0.095	0.001	0.903
0.001	0.001	0.997	0.001
0.001	0.001	0.997	0.001
0.001	0.001	0.001	0.997
>TACGGAAT	16-TACGGAAT	7.210593	-14.671320	0	T:45.0(2.76%),B:561.3(1.20%),P:1e-6	Tpos:29.2,Tstd:16.0,Bpos:32.6,Bstd:19.5,StrandBias:1.1,Multiplicity:1.02
0.001	0.001	0.001	0.997
0.997	0.001	0.001	0.001
0.001	0.890	0.001	0.108
0.001	0.155	0.843	0.001
0.001	0.273	0.574	0.152
0.997	0.001	0.001	0.001
0.997	0.001	0.001	0.001
0.001	0.001	0.001	0.997
>TTGTCGGG	17-TTGTCGGG	8.332849	-13.573074	0	T:23.0(1.41%),B:202.2(0.43%),P:1e-5	Tpos:34.7,Tstd:17.1,Bpos:34.9,Bstd:19.1,StrandBias:-0.1,Multiplicity:1.10
0.001	0.001	0.001	0.997
0.001	0.001	0.001	0.997
0.001	0.001	0.997	0.001
0.085	0.001	0.001	0.913
0.001	0.997	0.001	0.001
0.001	0.129	0.869	0.001
0.001	0.001	0.872	0.126
0.001	0.001	0.997	0.001
>ATTTGGCT	18-ATTTGGCT	7.769285	-13.562784	0	T:56.0(3.44%),B:801.6(1.71%),P:1e-5	Tpos:34.8,Tstd:15.5,Bpos:31.8,Bstd:18.5,StrandBias:0.4,Multiplicity:1.07
0.890	0.108	0.001	0.001
0.001	0.001	0.001	0.997
0.001	0.104	0.001	0.894
0.148	0.001	0.001	0.850
0.001	0.178	0.820	0.001
0.001	0.001	0.780	0.218
0.001	0.722	0.276	0.001
0.001	0.001	0.001	0.997
>AGCRCGCT	19-AGCRCGCT	7.102587	-13.479976	0	T:32.0(1.97%),B:351.0(0.75%),P:1e-5	Tpos:33.8,Tstd:16.8,Bpos:30.9,Bstd:17.6,StrandBias:0.6,Multiplicity:1.00
0.997	0.001	0.001	0.001
0.001	0.001	0.997	0.001
0.001	0.997	0.001	0.001
0.451	0.001	0.430	0.118
0.001	0.922	0.076	0.001
0.001	0.001	0.997	0.001
0.059	0.767	0.001	0.173
0.001	0.001	0.001	0.997
>ATVCGATC	20-ATVCGATC	7.082258	-13.447911	0	T:13.0(0.80%),B:69.6(0.15%),P:1e-5	Tpos:16.8,Tstd:5.5,Bpos:33.9,Bstd:13.7,StrandBias:-1.7,Multiplicity:1.00
0.582	0.077	0.118	0.223
0.058	0.007	0.030	0.905
0.333	0.237	0.361	0.070
0.203	0.475	0.201	0.121
0.245	0.001	0.753	0.001
0.516	0.262	0.060	0.162
0.152	0.006	0.011	0.831
0.125	0.623	0.049	0.203
>GCGAAGCG	21-GCGAAGCG	9.224162	-13.326887	0	T:10.0(0.61%),B:39.6(0.08%),P:1e-5	Tpos:25.6,Tstd:16.5,Bpos:27.9,Bstd:21.3,StrandBias:-1.2,Multiplicity:1.00
0.001	0.001	0.997	0.001
0.001	0.997	0.001	0.001
0.001	0.001	0.997	0.001
0.997	0.001	0.001	0.001
0.840	0.001	0.001	0.158
0.001	0.001	0.997	0.001
0.001	0.997	0.001	0.001
0.001	0.001	0.997	0.001
