>TCGCSTACGTTA	12-TCGCSTACGTTA,BestGuess:SPL4/MA1058.1/Jaspar(0.595)	8.632557	-42.177489	0	T:28.0(1.72%),B:80.1(0.17%),P:1e-18
0.096	0.001	0.001	0.902
0.001	0.902	0.001	0.096
0.028	0.001	0.777	0.194
0.001	0.891	0.097	0.011
0.223	0.292	0.389	0.097
0.001	0.096	0.001	0.902
0.971	0.027	0.001	0.001
0.111	0.791	0.097	0.001
0.319	0.001	0.486	0.194
0.291	0.194	0.014	0.501
0.097	0.100	0.108	0.695
0.902	0.096	0.001	0.001
